ADEL,ADER,1
ADEL,ADLL,1
ADEL,AIAL,1
ADEL,AIMR,1
ADEL,AIYL,1
ADEL,AIYR,1
ADEL,AIZL,1
ADEL,ALML,1
ADEL,ALNR,1
ADEL,AS1,1
ADEL,AS10,1
ADEL,AS11,1
ADEL,AS2,1
ADEL,AS3,1
ADEL,AS4,1
ADEL,AS5,1
ADEL,AS7,1
ADEL,AS9,1
ADEL,ASER,1
ADEL,ASGL,1
ADEL,ASGR,1
ADEL,ASHL,1
ADEL,ASHR,1
ADEL,ASIR,1
ADEL,AUAR,1
ADEL,AVBR,1
ADEL,AVFR,1
ADEL,AVJL,1
ADEL,AVJR,1
ADEL,AVL,1
ADEL,AVM,1
ADEL,BAGL,1
ADEL,CANL,1
ADEL,CEPDL,1
ADEL,CEPDR,1
ADEL,CEPVL,1
ADEL,CEPVR,1
ADEL,DA1,1
ADEL,DA3,1
ADEL,DA5,1
ADEL,DA6,1
ADEL,DA7,1
ADEL,DA8,1
ADEL,DA9,1
ADEL,DB1,1
ADEL,DB3,1
ADEL,DB4,1
ADEL,DB6,1
ADEL,DB7,1
ADEL,DD1,1
ADEL,DD2,1
ADEL,DD3,1
ADEL,DD4,1
ADEL,DD5,1
ADEL,DD6,1
ADEL,DVA,1
ADEL,FLPL,1
ADEL,HSNL,1
ADEL,HSNR,1
ADEL,I1L,1
ADEL,I1R,1
ADEL,I2L,1
ADEL,I3,1
ADEL,I4,1
ADEL,I6,1
ADEL,IL1DR,1
ADEL,IL1L,1
ADEL,IL1VR,1
ADEL,IL2L,1
ADEL,IL2R,1
ADEL,IL2VL,1
ADEL,IL2VR,1
ADEL,LUAR,1
ADEL,M1,1
ADEL,M2R,1
ADEL,M3R,1
ADEL,M4,1
ADEL,M5,1
ADEL,MCR,1
ADEL,OLQDL,1
ADEL,OLQDR,1
ADEL,OLQVL,1
ADEL,OLQVR,1
ADEL,PDA,1
ADEL,PDER,1
ADEL,PHAL,1
ADEL,PHAR,1
ADEL,PHBR,1
ADEL,PHCR,1
ADEL,PLML,1
ADEL,PLMR,1
ADEL,PLNL,1
ADEL,PVDL,1
ADEL,PVDR,1
ADEL,PVQL,1
ADEL,PVQR,1
ADEL,PVT,1
ADEL,RIAR,1
ADEL,RIBL,1
ADEL,RIBR,1
ADEL,RICL,1
ADEL,RID,1
ADEL,RIML,1
ADEL,RIMR,1
ADEL,RMDDL,1
ADEL,RMDDR,1
ADEL,RMDR,1
ADEL,RMEL,1
ADEL,RMER,1
ADEL,RMEV,1
ADEL,RMHR,1
ADEL,SIADR,1
ADEL,SIAVL,1
ADEL,SIBDL,1
ADEL,SIBDR,1
ADEL,SIBVL,1
ADEL,SIBVR,1
ADEL,SMDVR,1
ADEL,URYDL,1
ADEL,URYDR,1
ADEL,URYVL,1
ADEL,URYVR,1
ADEL,VA1,1
ADEL,VA11,1
ADEL,VA12,1
ADEL,VA2,1
ADEL,VA3,1
ADEL,VA4,1
ADEL,VA6,1
ADEL,VA7,1
ADEL,VA8,1
ADEL,VB10,1
ADEL,VB2,1
ADEL,VB3,1
ADEL,VB4,1
ADEL,VB6,1
ADEL,VB7,1
ADEL,VB8,1
ADEL,VD1,1
ADEL,VD10,1
ADEL,VD13,1
ADEL,VD3,1
ADEL,VD5,1
ADEL,VD6,1
ADEL,VD7,1
ADEL,VD8,1
ADEL,VD9,1
ADER,ADEL,1
ADER,ADLR,1
ADER,AIAL,1
ADER,AIAR,1
ADER,AIBL,1
ADER,AIBR,1
ADER,AIMR,1
ADER,AIYL,1
ADER,AIYR,1
ADER,AIZL,1
ADER,ALML,1
ADER,ALMR,1
ADER,AS1,1
ADER,AS11,1
ADER,AS2,1
ADER,AS4,1
ADER,AS7,1
ADER,AS8,1
ADER,ASEL,1
ADER,ASER,1
ADER,ASGL,1
ADER,ASGR,1
ADER,ASHL,1
ADER,ASHR,1
ADER,ASIR,1
ADER,ASKL,1
ADER,ASKR,1
ADER,AUAR,1
ADER,AVBR,1
ADER,AVFL,1
ADER,AVFR,1
ADER,AVHL,1
ADER,AVJR,1
ADER,AVL,1
ADER,AWBL,1
ADER,AWBR,1
ADER,AWCR,1
ADER,BAGR,1
ADER,BDUR,1
ADER,CANL,1
ADER,CANR,1
ADER,CEPDL,1
ADER,CEPDR,1
ADER,CEPVR,1
ADER,DA1,1
ADER,DA5,1
ADER,DA7,1
ADER,DA9,1
ADER,DB3,1
ADER,DB6,1
ADER,DB7,1
ADER,DD1,1
ADER,DD4,1
ADER,DD5,1
ADER,DD6,1
ADER,DVA,1
ADER,FLPL,1
ADER,FLPR,1
ADER,HSNL,1
ADER,HSNR,1
ADER,I1L,1
ADER,I2L,1
ADER,I2R,1
ADER,I4,1
ADER,I6,1
ADER,IL1DL,1
ADER,IL1DR,1
ADER,IL1L,1
ADER,IL1VR,1
ADER,IL2L,1
ADER,IL2R,1
ADER,IL2VR,1
ADER,LUAL,1
ADER,LUAR,1
ADER,M1,1
ADER,M2R,1
ADER,M3R,1
ADER,M4,1
ADER,M5,1
ADER,MCR,1
ADER,NSMR,1
ADER,OLQDR,1
ADER,OLQVL,1
ADER,PDA,1
ADER,PDEL,1
ADER,PHAL,1
ADER,PHAR,1
ADER,PHCL,1
ADER,PHCR,1
ADER,PLMR,1
ADER,PLNR,1
ADER,PVDL,1
ADER,PVDR,1
ADER,PVQR,1
ADER,PVT,1
ADER,RIBL,1
ADER,RIBR,1
ADER,RICL,1
ADER,RIML,1
ADER,RIMR,1
ADER,RIS,1
ADER,RMDDR,1
ADER,RMDL,1
ADER,RMDVR,1
ADER,RMER,1
ADER,RMFL,1
ADER,RMHL,1
ADER,RMHR,1
ADER,SDQL,1
ADER,SIADL,1
ADER,SIADR,1
ADER,SIAVL,1
ADER,SIBDL,1
ADER,SIBDR,1
ADER,SIBVL,1
ADER,SIBVR,1
ADER,URYDL,1
ADER,URYDR,1
ADER,URYVL,1
ADER,VA1,1
ADER,VA10,1
ADER,VA11,1
ADER,VA12,1
ADER,VA2,1
ADER,VA3,1
ADER,VA4,1
ADER,VA5,1
ADER,VA7,1
ADER,VA8,1
ADER,VB1,1
ADER,VB10,1
ADER,VB3,1
ADER,VB5,1
ADER,VB7,1
ADER,VB9,1
ADER,VD1,1
ADER,VD10,1
ADER,VD11,1
ADER,VD12,1
ADER,VD13,1
ADER,VD2,1
ADER,VD3,1
ADER,VD4,1
ADER,VD6,1
ADER,VD7,1
ADER,VD8,1
ADER,VD9,1
ADFL,ADEL,1
ADFL,ADLR,1
ADFL,AIBR,1
ADFL,AIYR,1
ADFL,AIZR,1
ADFL,ALML,1
ADFL,ALMR,1
ADFL,ALNL,1
ADFL,AS1,1
ADFL,AS10,1
ADFL,AS7,1
ADFL,ASEL,1
ADFL,ASER,1
ADFL,ASGL,1
ADFL,ASGR,1
ADFL,ASHR,1
ADFL,ASIL,1
ADFL,ASIR,1
ADFL,AUAR,1
ADFL,AVBR,1
ADFL,AWBR,1
ADFL,BAGR,1
ADFL,CANL,1
ADFL,CEPDL,1
ADFL,CEPVL,1
ADFL,CEPVR,1
ADFL,DA4,1
ADFL,DA5,1
ADFL,DA7,1
ADFL,DA8,1
ADFL,DA9,1
ADFL,DB1,1
ADFL,DB3,1
ADFL,DB4,1
ADFL,DB5,1
ADFL,DB6,1
ADFL,DD2,1
ADFL,DVA,1
ADFL,HSNL,1
ADFL,HSNR,1
ADFL,I1L,1
ADFL,I2L,1
ADFL,IL2DR,1
ADFL,IL2L,1
ADFL,M5,1
ADFL,OLQVL,1
ADFL,PDER,1
ADFL,PHAR,1
ADFL,PHCL,1
ADFL,PLMR,1
ADFL,PLNL,1
ADFL,PLNR,1
ADFL,PVQL,1
ADFL,PVT,1
ADFL,RIAR,1
ADFL,RICR,1
ADFL,RID,1
ADFL,RMDDL,1
ADFL,RMDDR,1
ADFL,RMDVL,1
ADFL,RMDVR,1
ADFL,RMEL,1
ADFL,RMHR,1
ADFL,SDQL,1
ADFL,SIAVR,1
ADFL,SIBVL,1
ADFL,SMDDL,1
ADFL,URYDL,1
ADFL,URYVL,1
ADFL,VA10,1
ADFL,VA2,1
ADFL,VA5,1
ADFL,VA6,1
ADFL,VA9,1
ADFL,VB2,1
ADFL,VB5,1
ADFL,VB7,1
ADFL,VB9,1
ADFL,VD3,1
ADFL,VD5,1
ADFL,VD7,1
ADFL,VD9,1
ADFR,ADER,1
ADFR,AIBR,1
ADFR,AIYL,1
ADFR,AIZR,1
ADFR,ALNR,1
ADFR,AS1,1
ADFR,AS10,1
ADFR,AS2,1
ADFR,AS4,1
ADFR,AS6,1
ADFR,ASIL,1
ADFR,AVBR,1
ADFR,AWBL,1
ADFR,BDUL,1
ADFR,BDUR,1
ADFR,CANL,1
ADFR,CANR,1
ADFR,CEPDL,1
ADFR,CEPDR,1
ADFR,CEPVL,1
ADFR,DA1,1
ADFR,DA2,1
ADFR,DA3,1
ADFR,DA5,1
ADFR,DA6,1
ADFR,DB1,1
ADFR,DB3,1
ADFR,DB6,1
ADFR,DD1,1
ADFR,DD5,1
ADFR,DVA,1
ADFR,FLPL,1
ADFR,HSNL,1
ADFR,I2L,1
ADFR,I2R,1
ADFR,IL1DR,1
ADFR,IL1VR,1
ADFR,IL2DL,1
ADFR,IL2R,1
ADFR,IL2VR,1
ADFR,M1,1
ADFR,M2R,1
ADFR,M3R,1
ADFR,M4,1
ADFR,NSML,1
ADFR,NSMR,1
ADFR,OLLR,1
ADFR,PDER,1
ADFR,PVDR,1
ADFR,PVT,1
ADFR,RIAR,1
ADFR,RID,1
ADFR,RIML,1
ADFR,RIS,1
ADFR,RMDL,1
ADFR,RMDVR,1
ADFR,RMEL,1
ADFR,RMEV,1
ADFR,RMHR,1
ADFR,SDQL,1
ADFR,SIAVL,1
ADFR,SIAVR,1
ADFR,SIBDL,1
ADFR,SIBVR,1
ADFR,SMDDL,1
ADFR,URYDL,1
ADFR,URYDR,1
ADFR,VA10,1
ADFR,VA4,1
ADFR,VA7,1
ADFR,VB10,1
ADFR,VB11,1
ADFR,VB2,1
ADFR,VB4,1
ADFR,VB7,1
ADFR,VB8,1
ADFR,VB9,1
ADFR,VD12,1
ADFR,VD13,1
ADFR,VD7,1
ADFR,VD8,1
ADFR,VD9,1
CEPDL,ADEL,1
CEPDL,ADER,1
CEPDL,ADLL,1
CEPDL,ADLR,1
CEPDL,AIAR,1
CEPDL,AIBL,1
CEPDL,AIMR,1
CEPDL,AIYR,1
CEPDL,AIZL,1
CEPDL,AIZR,1
CEPDL,ALML,1
CEPDL,ALMR,1
CEPDL,ALNL,1
CEPDL,ALNR,1
CEPDL,AS1,1
CEPDL,AS10,1
CEPDL,AS2,1
CEPDL,AS3,1
CEPDL,AS4,1
CEPDL,AS5,1
CEPDL,AS7,1
CEPDL,AS8,1
CEPDL,ASER,1
CEPDL,ASGR,1
CEPDL,ASHR,1
CEPDL,ASKL,1
CEPDL,ASKR,1
CEPDL,AUAL,1
CEPDL,AUAR,1
CEPDL,AVBR,1
CEPDL,AVJL,1
CEPDL,AVJR,1
CEPDL,AVL,1
CEPDL,AWBR,1
CEPDL,BDUL,1
CEPDL,CANL,1
CEPDL,CANR,1
CEPDL,CEPDR,1
CEPDL,CEPVL,1
CEPDL,CEPVR,1
CEPDL,DA1,1
CEPDL,DA3,1
CEPDL,DA4,1
CEPDL,DA5,1
CEPDL,DA7,1
CEPDL,DA9,1
CEPDL,DB1,1
CEPDL,DB3,1
CEPDL,DB4,1
CEPDL,DB5,1
CEPDL,DB7,1
CEPDL,DD1,1
CEPDL,DD2,1
CEPDL,DD3,1
CEPDL,DVA,1
CEPDL,FLPL,1
CEPDL,FLPR,1
CEPDL,HSNR,1
CEPDL,I1L,1
CEPDL,I1R,1
CEPDL,I2L,1
CEPDL,I2R,1
CEPDL,I3,1
CEPDL,I6,1
CEPDL,IL1DR,1
CEPDL,IL1VR,1
CEPDL,IL2DL,1
CEPDL,IL2VR,1
CEPDL,LUAL,1
CEPDL,LUAR,1
CEPDL,M1,1
CEPDL,M2L,1
CEPDL,M3L,1
CEPDL,M4,1
CEPDL,MCL,1
CEPDL,MCR,1
CEPDL,OLLR,1
CEPDL,OLQDR,1
CEPDL,OLQVL,1
CEPDL,PDER,1
CEPDL,PHAL,1
CEPDL,PHAR,1
CEPDL,PHCL,1
CEPDL,PLML,1
CEPDL,PLMR,1
CEPDL,PQR,1
CEPDL,PVCL,1
CEPDL,PVDL,1
CEPDL,PVDR,1
CEPDL,PVQL,1
CEPDL,PVQR,1
CEPDL,PVT,1
CEPDL,RIAR,1
CEPDL,RICL,1
CEPDL,RICR,1
CEPDL,RID,1
CEPDL,RIMR,1
CEPDL,RIS,1
CEPDL,RMDDL,1
CEPDL,RMDL,1
CEPDL,RMDR,1
CEPDL,RMDVL,1
CEPDL,RMDVR,1
CEPDL,RMED,1
CEPDL,RMEL,1
CEPDL,RMER,1
CEPDL,RMFL,1
CEPDL,RMFR,1
CEPDL,RMHL,1
CEPDL,RMHR,1
CEPDL,SDQL,1
CEPDL,SIADL,1
CEPDL,SIADR,1
CEPDL,SIAVL,1
CEPDL,SMDVL,1
CEPDL,URYVL,1
CEPDL,URYVR,1
CEPDL,VA1,1
CEPDL,VA12,1
CEPDL,VA2,1
CEPDL,VA4,1
CEPDL,VA5,1
CEPDL,VA6,1
CEPDL,VA7,1
CEPDL,VA8,1
CEPDL,VA9,1
CEPDL,VB1,1
CEPDL,VB10,1
CEPDL,VB11,1
CEPDL,VB3,1
CEPDL,VB4,1
CEPDL,VB5,1
CEPDL,VB6,1
CEPDL,VB7,1
CEPDL,VB8,1
CEPDL,VB9,1
CEPDL,VD1,1
CEPDL,VD10,1
CEPDL,VD12,1
CEPDL,VD13,1
CEPDL,VD2,1
CEPDL,VD3,1
CEPDL,VD4,1
CEPDL,VD5,1
CEPDL,VD6,1
CEPDL,VD7,1
CEPDL,VD9,1
CEPDR,ADEL,1
CEPDR,ADER,1
CEPDR,AIAL,1
CEPDR,AIAR,1
CEPDR,AIBL,1
CEPDR,AIBR,1
CEPDR,AIYL,1
CEPDR,AIZL,1
CEPDR,AIZR,1
CEPDR,ALML,1
CEPDR,ALMR,1
CEPDR,ALNL,1
CEPDR,ALNR,1
CEPDR,AS4,1
CEPDR,AS5,1
CEPDR,AS7,1
CEPDR,ASER,1
CEPDR,ASGR,1
CEPDR,ASHL,1
CEPDR,ASHR,1
CEPDR,ASIR,1
CEPDR,ASKR,1
CEPDR,AUAR,1
CEPDR,AVBR,1
CEPDR,AVJL,1
CEPDR,AVJR,1
CEPDR,AVL,1
CEPDR,AVM,1
CEPDR,AWBL,1
CEPDR,AWCR,1
CEPDR,CANL,1
CEPDR,CEPDL,1
CEPDR,CEPVR,1
CEPDR,DA1,1
CEPDR,DA3,1
CEPDR,DA4,1
CEPDR,DA7,1
CEPDR,DA8,1
CEPDR,DA9,1
CEPDR,DB1,1
CEPDR,DB3,1
CEPDR,DB4,1
CEPDR,DB5,1
CEPDR,DB6,1
CEPDR,DB7,1
CEPDR,DD1,1
CEPDR,DD2,1
CEPDR,DD3,1
CEPDR,DD6,1
CEPDR,DVA,1
CEPDR,FLPL,1
CEPDR,HSNL,1
CEPDR,HSNR,1
CEPDR,I1L,1
CEPDR,I2L,1
CEPDR,I2R,1
CEPDR,I4,1
CEPDR,I6,1
CEPDR,IL1DR,1
CEPDR,IL1VR,1
CEPDR,IL2DR,1
CEPDR,IL2L,1
CEPDR,IL2R,1
CEPDR,IL2VR,1
CEPDR,M1,1
CEPDR,M2L,1
CEPDR,M2R,1
CEPDR,M3L,1
CEPDR,M3R,1
CEPDR,M4,1
CEPDR,M5,1
CEPDR,MCR,1
CEPDR,NSML,1
CEPDR,NSMR,1
CEPDR,OLQDR,1
CEPDR,OLQVL,1
CEPDR,PDA,1
CEPDR,PDER,1
CEPDR,PHAL,1
CEPDR,PHAR,1
CEPDR,PHBL,1
CEPDR,PHCL,1
CEPDR,PHCR,1
CEPDR,PLML,1
CEPDR,PLMR,1
CEPDR,PLNL,1
CEPDR,PLNR,1
CEPDR,PQR,1
CEPDR,PVQR,1
CEPDR,PVT,1
CEPDR,RIAL,1
CEPDR,RIAR,1
CEPDR,RIBL,1
CEPDR,RIBR,1
CEPDR,RICL,1
CEPDR,RICR,1
CEPDR,RIML,1
CEPDR,RIMR,1
CEPDR,RIS,1
CEPDR,RMDDL,1
CEPDR,RMDDR,1
CEPDR,RMDL,1
CEPDR,RMDR,1
CEPDR,RMDVL,1
CEPDR,RMED,1
CEPDR,RMEL,1
CEPDR,RMER,1
CEPDR,RMEV,1
CEPDR,RMFL,1
CEPDR,RMFR,1
CEPDR,RMHL,1
CEPDR,SDQL,1
CEPDR,SDQR,1
CEPDR,SIADL,1
CEPDR,SIAVL,1
CEPDR,SIAVR,1
CEPDR,SIBDL,1
CEPDR,SIBDR,1
CEPDR,SIBVR,1
CEPDR,SMDDR,1
CEPDR,URYVR,1
CEPDR,VA1,1
CEPDR,VA12,1
CEPDR,VA2,1
CEPDR,VA4,1
CEPDR,VA5,1
CEPDR,VA6,1
CEPDR,VA7,1
CEPDR,VA8,1
CEPDR,VA9,1
CEPDR,VB1,1
CEPDR,VB10,1
CEPDR,VB11,1
CEPDR,VB3,1
CEPDR,VB5,1
CEPDR,VB6,1
CEPDR,VB7,1
CEPDR,VB8,1
CEPDR,VD1,1
CEPDR,VD10,1
CEPDR,VD12,1
CEPDR,VD13,1
CEPDR,VD2,1
CEPDR,VD3,1
CEPDR,VD5,1
CEPDR,VD6,1
CEPDR,VD9,1
CEPVL,ADEL,1
CEPVL,ADER,1
CEPVL,ADLL,1
CEPVL,ADLR,1
CEPVL,AIAR,1
CEPVL,AIYR,1
CEPVL,AIZL,1
CEPVL,AIZR,1
CEPVL,ALML,1
CEPVL,ALMR,1
CEPVL,ALNL,1
CEPVL,AS10,1
CEPVL,AS11,1
CEPVL,AS3,1
CEPVL,AS4,1
CEPVL,AS5,1
CEPVL,AS6,1
CEPVL,AS7,1
CEPVL,AS8,1
CEPVL,ASEL,1
CEPVL,ASGR,1
CEPVL,ASHL,1
CEPVL,ASHR,1
CEPVL,ASIR,1
CEPVL,ASKR,1
CEPVL,AUAR,1
CEPVL,AVBR,1
CEPVL,AVHR,1
CEPVL,AVJL,1
CEPVL,AVL,1
CEPVL,AVM,1
CEPVL,AWBR,1
CEPVL,AWCL,1
CEPVL,AWCR,1
CEPVL,BAGR,1
CEPVL,CANL,1
CEPVL,CANR,1
CEPVL,CEPDL,1
CEPVL,CEPVR,1
CEPVL,DA1,1
CEPVL,DA3,1
CEPVL,DA4,1
CEPVL,DA5,1
CEPVL,DA7,1
CEPVL,DA9,1
CEPVL,DB1,1
CEPVL,DB2,1
CEPVL,DB3,1
CEPVL,DB4,1
CEPVL,DB5,1
CEPVL,DB6,1
CEPVL,DB7,1
CEPVL,DD1,1
CEPVL,DD2,1
CEPVL,DD3,1
CEPVL,DD4,1
CEPVL,DD5,1
CEPVL,DVC,1
CEPVL,FLPL,1
CEPVL,HSNL,1
CEPVL,HSNR,1
CEPVL,I1R,1
CEPVL,I2L,1
CEPVL,I2R,1
CEPVL,I3,1
CEPVL,I4,1
CEPVL,I6,1
CEPVL,IL1DR,1
CEPVL,IL1R,1
CEPVL,IL1VR,1
CEPVL,IL2L,1
CEPVL,IL2R,1
CEPVL,IL2VR,1
CEPVL,LUAR,1
CEPVL,M1,1
CEPVL,M2R,1
CEPVL,M3R,1
CEPVL,MCL,1
CEPVL,NSML,1
CEPVL,OLQDR,1
CEPVL,OLQVL,1
CEPVL,PDA,1
CEPVL,PDER,1
CEPVL,PHAR,1
CEPVL,PHBL,1
CEPVL,PHCL,1
CEPVL,PLML,1
CEPVL,PLMR,1
CEPVL,PQR,1
CEPVL,PVCL,1
CEPVL,PVDL,1
CEPVL,PVDR,1
CEPVL,PVQL,1
CEPVL,PVQR,1
CEPVL,RIAL,1
CEPVL,RIAR,1
CEPVL,RIBL,1
CEPVL,RIBR,1
CEPVL,RICL,1
CEPVL,RID,1
CEPVL,RIMR,1
CEPVL,RIS,1
CEPVL,RMDDL,1
CEPVL,RMDDR,1
CEPVL,RMDR,1
CEPVL,RMDVL,1
CEPVL,RMEL,1
CEPVL,RMER,1
CEPVL,RMFR,1
CEPVL,RMHL,1
CEPVL,RMHR,1
CEPVL,SDQL,1
CEPVL,SIADL,1
CEPVL,SIADR,1
CEPVL,SIAVL,1
CEPVL,SIBDL,1
CEPVL,SIBDR,1
CEPVL,SIBVL,1
CEPVL,SIBVR,1
CEPVL,URYDL,1
CEPVL,URYDR,1
CEPVL,URYVL,1
CEPVL,URYVR,1
CEPVL,VA1,1
CEPVL,VA10,1
CEPVL,VA11,1
CEPVL,VA12,1
CEPVL,VA2,1
CEPVL,VA3,1
CEPVL,VA4,1
CEPVL,VA7,1
CEPVL,VA9,1
CEPVL,VB1,1
CEPVL,VB10,1
CEPVL,VB11,1
CEPVL,VB5,1
CEPVL,VB6,1
CEPVL,VD1,1
CEPVL,VD10,1
CEPVL,VD12,1
CEPVL,VD13,1
CEPVL,VD2,1
CEPVL,VD4,1
CEPVL,VD5,1
CEPVL,VD7,1
CEPVL,VD8,1
CEPVL,VD9,1
CEPVR,ADEL,1
CEPVR,ADER,1
CEPVR,AFDR,1
CEPVR,AIAL,1
CEPVR,AIAR,1
CEPVR,AIBR,1
CEPVR,AIML,1
CEPVR,AIMR,1
CEPVR,AIYL,1
CEPVR,AIYR,1
CEPVR,AIZL,1
CEPVR,AIZR,1
CEPVR,ALML,1
CEPVR,ALNL,1
CEPVR,ALNR,1
CEPVR,AS10,1
CEPVR,AS11,1
CEPVR,AS3,1
CEPVR,AS5,1
CEPVR,AS6,1
CEPVR,AS7,1
CEPVR,AS8,1
CEPVR,ASER,1
CEPVR,ASGL,1
CEPVR,ASGR,1
CEPVR,ASHL,1
CEPVR,ASHR,1
CEPVR,ASIR,1
CEPVR,AUAL,1
CEPVR,AVBL,1
CEPVR,AVHL,1
CEPVR,AVJL,1
CEPVR,AVL,1
CEPVR,AWBR,1
CEPVR,AWCR,1
CEPVR,BDUR,1
CEPVR,CANL,1
CEPVR,CEPDL,1
CEPVR,CEPVL,1
CEPVR,DA2,1
CEPVR,DA3,1
CEPVR,DA5,1
CEPVR,DA6,1
CEPVR,DA7,1
CEPVR,DA9,1
CEPVR,DB1,1
CEPVR,DB2,1
CEPVR,DB3,1
CEPVR,DB4,1
CEPVR,DB6,1
CEPVR,DB7,1
CEPVR,DD2,1
CEPVR,DD4,1
CEPVR,DD5,1
CEPVR,DD6,1
CEPVR,DVA,1
CEPVR,DVC,1
CEPVR,FLPL,1
CEPVR,HSNL,1
CEPVR,HSNR,1
CEPVR,I1L,1
CEPVR,I2L,1
CEPVR,I2R,1
CEPVR,I4,1
CEPVR,I6,1
CEPVR,IL1DL,1
CEPVR,IL2DR,1
CEPVR,IL2L,1
CEPVR,IL2R,1
CEPVR,IL2VL,1
CEPVR,IL2VR,1
CEPVR,LUAR,1
CEPVR,M3L,1
CEPVR,M3R,1
CEPVR,M5,1
CEPVR,MCL,1
CEPVR,MCR,1
CEPVR,NSML,1
CEPVR,NSMR,1
CEPVR,OLLL,1
CEPVR,OLQDR,1
CEPVR,PDEL,1
CEPVR,PDER,1
CEPVR,PHAL,1
CEPVR,PHCL,1
CEPVR,PLML,1
CEPVR,PLMR,1
CEPVR,PLNL,1
CEPVR,PLNR,1
CEPVR,PQR,1
CEPVR,PVDL,1
CEPVR,PVT,1
CEPVR,RIAL,1
CEPVR,RIAR,1
CEPVR,RIBL,1
CEPVR,RIBR,1
CEPVR,RICL,1
CEPVR,RICR,1
CEPVR,RID,1
CEPVR,RIML,1
CEPVR,RIS,1
CEPVR,RMDDL,1
CEPVR,RMDDR,1
CEPVR,RMDL,1
CEPVR,RMDR,1
CEPVR,RMDVL,1
CEPVR,RMDVR,1
CEPVR,RMED,1
CEPVR,RMEL,1
CEPVR,RMER,1
CEPVR,RMFL,1
CEPVR,RMFR,1
CEPVR,RMHL,1
CEPVR,RMHR,1
CEPVR,SABVL,1
CEPVR,SIADL,1
CEPVR,SIADR,1
CEPVR,SIBDR,1
CEPVR,SIBVL,1
CEPVR,SIBVR,1
CEPVR,URYDR,1
CEPVR,URYVR,1
CEPVR,VA1,1
CEPVR,VA11,1
CEPVR,VA12,1
CEPVR,VA2,1
CEPVR,VA3,1
CEPVR,VA4,1
CEPVR,VA5,1
CEPVR,VA6,1
CEPVR,VA8,1
CEPVR,VA9,1
CEPVR,VB1,1
CEPVR,VB10,1
CEPVR,VB2,1
CEPVR,VB3,1
CEPVR,VB5,1
CEPVR,VB8,1
CEPVR,VB9,1
CEPVR,VD1,1
CEPVR,VD12,1
CEPVR,VD13,1
CEPVR,VD4,1
CEPVR,VD5,1
CEPVR,VD6,1
CEPVR,VD7,1
CEPVR,VD9,1
HSNL,ADEL,1
HSNL,ADER,1
HSNL,AFDL,1
HSNL,AIML,1
HSNL,AIMR,1
HSNL,AIYR,1
HSNL,AIZR,1
HSNL,ALMR,1
HSNL,ALNR,1
HSNL,AS1,1
HSNL,AS10,1
HSNL,AS2,1
HSNL,AS3,1
HSNL,AS4,1
HSNL,AS5,1
HSNL,AS8,1
HSNL,ASEL,1
HSNL,ASER,1
HSNL,ASGL,1
HSNL,ASGR,1
HSNL,AUAL,1
HSNL,AUAR,1
HSNL,AVJL,1
HSNL,AVM,1
HSNL,AWBL,1
HSNL,AWCR,1
HSNL,BAGR,1
HSNL,CEPDR,1
HSNL,DA9,1
HSNL,DB1,1
HSNL,DB3,1
HSNL,DB4,1
HSNL,DB7,1
HSNL,DD4,1
HSNL,DD6,1
HSNL,DVA,1
HSNL,FLPL,1
HSNL,HSNR,1
HSNL,I1L,1
HSNL,I1R,1
HSNL,I2R,1
HSNL,I4,1
HSNL,IL1R,1
HSNL,IL2DL,1
HSNL,IL2VL,1
HSNL,LUAR,1
HSNL,M2R,1
HSNL,NSMR,1
HSNL,OLQDR,1
HSNL,PDA,1
HSNL,PDER,1
HSNL,PHAR,1
HSNL,PHCL,1
HSNL,PLMR,1
HSNL,PVDL,1
HSNL,PVQR,1
HSNL,PVT,1
HSNL,RICL,1
HSNL,RIMR,1
HSNL,RMDVL,1
HSNL,RMDVR,1
HSNL,RMED,1
HSNL,RMEL,1
HSNL,RMFR,1
HSNL,RMHR,1
HSNL,SABD,1
HSNL,SDQL,1
HSNL,SIADL,1
HSNL,SIADR,1
HSNL,SIAVR,1
HSNL,SIBDR,1
HSNL,URYDR,1
HSNL,VA1,1
HSNL,VA3,1
HSNL,VA5,1
HSNL,VA6,1
HSNL,VB2,1
HSNL,VB4,1
HSNL,VB5,1
HSNL,VD10,1
HSNL,VD6,1
HSNL,VD8,1
HSNR,ADER,1
HSNR,ADLR,1
HSNR,AIAL,1
HSNR,AIMR,1
HSNR,ALNL,1
HSNR,AS7,1
HSNR,AS8,1
HSNR,ASKR,1
HSNR,AVHL,1
HSNR,AWBR,1
HSNR,AWCR,1
HSNR,CANL,1
HSNR,CEPDL,1
HSNR,CEPVL,1
HSNR,DA1,1
HSNR,DA2,1
HSNR,DA6,1
HSNR,DA8,1
HSNR,DB4,1
HSNR,DB5,1
HSNR,DB6,1
HSNR,DB7,1
HSNR,DD2,1
HSNR,DD3,1
HSNR,DD5,1
HSNR,DVA,1
HSNR,FLPL,1
HSNR,FLPR,1
HSNR,HSNL,1
HSNR,I1L,1
HSNR,I1R,1
HSNR,I3,1
HSNR,I4,1
HSNR,IL1L,1
HSNR,IL2DL,1
HSNR,IL2DR,1
HSNR,IL2VL,1
HSNR,LUAR,1
HSNR,M2L,1
HSNR,MCL,1
HSNR,NSML,1
HSNR,NSMR,1
HSNR,OLLL,1
HSNR,OLQDR,1
HSNR,PDEL,1
HSNR,PHCL,1
HSNR,PHCR,1
HSNR,PVCR,1
HSNR,PVDL,1
HSNR,PVDR,1
HSNR,PVQR,1
HSNR,RIAL,1
HSNR,RIAR,1
HSNR,RICL,1
HSNR,RID,1
HSNR,RIMR,1
HSNR,RMDDL,1
HSNR,RMDVL,1
HSNR,RMHL,1
HSNR,SDQL,1
HSNR,SIADR,1
HSNR,SIAVL,1
HSNR,SIAVR,1
HSNR,URYVL,1
HSNR,VA11,1
HSNR,VA3,1
HSNR,VA5,1
HSNR,VA8,1
HSNR,VA9,1
HSNR,VB1,1
HSNR,VB10,1
HSNR,VB11,1
HSNR,VB2,1
HSNR,VB3,1
HSNR,VB7,1
HSNR,VB9,1
HSNR,VD1,1
HSNR,VD10,1
HSNR,VD11,1
HSNR,VD2,1
HSNR,VD5,1
HSNR,VD7,1
NSML,ADEL,1
NSML,ADER,1
NSML,AIBR,1
NSML,AIMR,1
NSML,AIYL,1
NSML,AIZR,1
NSML,ALML,1
NSML,ALNR,1
NSML,AS6,1
NSML,AS7,1
NSML,AS8,1
NSML,ASER,1
NSML,ASGR,1
NSML,ASKR,1
NSML,AUAL,1
NSML,AUAR,1
NSML,AVFL,1
NSML,AVJR,1
NSML,AVM,1
NSML,AWCR,1
NSML,CANR,1
NSML,CEPDL,1
NSML,CEPDR,1
NSML,CEPVL,1
NSML,CEPVR,1
NSML,DA1,1
NSML,DA3,1
NSML,DA6,1
NSML,DA9,1
NSML,DB2,1
NSML,DB4,1
NSML,DB5,1
NSML,DB7,1
NSML,DD1,1
NSML,DD2,1
NSML,DD3,1
NSML,DD5,1
NSML,FLPR,1
NSML,I1L,1
NSML,I2R,1
NSML,IL2DL,1
NSML,IL2L,1
NSML,IL2R,1
NSML,IL2VR,1
NSML,M1,1
NSML,M2L,1
NSML,M2R,1
NSML,M3L,1
NSML,M5,1
NSML,MCR,1
NSML,OLQDL,1
NSML,PDA,1
NSML,PDEL,1
NSML,PDER,1
NSML,PHCL,1
NSML,PVDL,1
NSML,PVQL,1
NSML,RICR,1
NSML,RID,1
NSML,RIML,1
NSML,RIMR,1
NSML,RMDDL,1
NSML,RMDVL,1
NSML,RMER,1
NSML,SDQL,1
NSML,SIADL,1
NSML,SIBDL,1
NSML,SIBVL,1
NSML,SIBVR,1
NSML,URYVL,1
NSML,VA12,1
NSML,VA4,1
NSML,VA8,1
NSML,VB10,1
NSML,VB11,1
NSML,VB3,1
NSML,VB4,1
NSML,VB5,1
NSML,VB8,1
NSML,VD3,1
NSML,VD6,1
NSML,VD9,1
NSMR,AIBL,1
NSMR,AIMR,1
NSMR,AIYL,1
NSMR,AIYR,1
NSMR,ALML,1
NSMR,ALNL,1
NSMR,ALNR,1
NSMR,AS1,1
NSMR,AS10,1
NSMR,AS11,1
NSMR,AS2,1
NSMR,AS6,1
NSMR,AS7,1
NSMR,AS8,1
NSMR,ASEL,1
NSMR,ASHR,1
NSMR,ASKL,1
NSMR,ASKR,1
NSMR,AUAL,1
NSMR,AUAR,1
NSMR,AVHR,1
NSMR,AWCL,1
NSMR,AWCR,1
NSMR,CANL,1
NSMR,CEPDR,1
NSMR,CEPVL,1
NSMR,CEPVR,1
NSMR,DA1,1
NSMR,DA3,1
NSMR,DA8,1
NSMR,DA9,1
NSMR,DB2,1
NSMR,DB3,1
NSMR,DB5,1
NSMR,DB7,1
NSMR,DD5,1
NSMR,DVC,1
NSMR,I2L,1
NSMR,I6,1
NSMR,IL1VR,1
NSMR,IL2VR,1
NSMR,M2L,1
NSMR,M3L,1
NSMR,M5,1
NSMR,OLQDR,1
NSMR,PHAR,1
NSMR,PHBR,1
NSMR,PHCL,1
NSMR,PLML,1
NSMR,PLNL,1
NSMR,PQR,1
NSMR,PVQL,1
NSMR,RIBL,1
NSMR,RIBR,1
NSMR,RIS,1
NSMR,RMDDL,1
NSMR,RMDVR,1
NSMR,RMED,1
NSMR,RMER,1
NSMR,RMHR,1
NSMR,SDQL,1
NSMR,SIADR,1
NSMR,SIAVL,1
NSMR,SIAVR,1
NSMR,SIBDL,1
NSMR,SIBVL,1
NSMR,SIBVR,1
NSMR,URYVL,1
NSMR,URYVR,1
NSMR,VA1,1
NSMR,VA2,1
NSMR,VA3,1
NSMR,VB11,1
NSMR,VB2,1
NSMR,VB3,1
NSMR,VB5,1
NSMR,VB8,1
NSMR,VD12,1
NSMR,VD6,1
NSMR,VD7,1
NSMR,VD8,1
NSMR,VD9,1
PDEL,ADEL,1
PDEL,ADER,1
PDEL,ADLL,1
PDEL,ADLR,1
PDEL,AIAL,1
PDEL,AIBR,1
PDEL,AIMR,1
PDEL,AIYL,1
PDEL,AIZL,1
PDEL,AIZR,1
PDEL,ALML,1
PDEL,ALMR,1
PDEL,ALNL,1
PDEL,ALNR,1
PDEL,AS1,1
PDEL,AS10,1
PDEL,AS11,1
PDEL,AS2,1
PDEL,AS4,1
PDEL,AS5,1
PDEL,AS7,1
PDEL,AS8,1
PDEL,ASEL,1
PDEL,ASGL,1
PDEL,ASGR,1
PDEL,ASHL,1
PDEL,ASHR,1
PDEL,ASIR,1
PDEL,ASKL,1
PDEL,AVBL,1
PDEL,AVBR,1
PDEL,AVHL,1
PDEL,AVL,1
PDEL,AWBR,1
PDEL,AWCR,1
PDEL,CANL,1
PDEL,CEPDL,1
PDEL,CEPVL,1
PDEL,CEPVR,1
PDEL,DA1,1
PDEL,DA3,1
PDEL,DA4,1
PDEL,DA5,1
PDEL,DA8,1
PDEL,DB5,1
PDEL,DB6,1
PDEL,DB7,1
PDEL,DD1,1
PDEL,DD2,1
PDEL,DD3,1
PDEL,DD5,1
PDEL,DD6,1
PDEL,DVA,1
PDEL,DVC,1
PDEL,FLPL,1
PDEL,HSNL,1
PDEL,HSNR,1
PDEL,I1L,1
PDEL,I1R,1
PDEL,I2L,1
PDEL,I2R,1
PDEL,I3,1
PDEL,I4,1
PDEL,I6,1
PDEL,IL1R,1
PDEL,IL1VL,1
PDEL,IL2DL,1
PDEL,IL2L,1
PDEL,IL2R,1
PDEL,IL2VL,1
PDEL,IL2VR,1
PDEL,LUAL,1
PDEL,LUAR,1
PDEL,M2L,1
PDEL,M2R,1
PDEL,M3R,1
PDEL,M4,1
PDEL,MCL,1
PDEL,MCR,1
PDEL,NSML,1
PDEL,OLQDL,1
PDEL,PDA,1
PDEL,PDER,1
PDEL,PHAR,1
PDEL,PHCL,1
PDEL,PLMR,1
PDEL,PLNL,1
PDEL,PQR,1
PDEL,PVCL,1
PDEL,PVDR,1
PDEL,PVQL,1
PDEL,PVQR,1
PDEL,PVT,1
PDEL,RIAR,1
PDEL,RIBL,1
PDEL,RICL,1
PDEL,RICR,1
PDEL,RID,1
PDEL,RIML,1
PDEL,RIMR,1
PDEL,RIS,1
PDEL,RMDDL,1
PDEL,RMDDR,1
PDEL,RMDL,1
PDEL,RMDR,1
PDEL,RMDVL,1
PDEL,RMDVR,1
PDEL,RMEL,1
PDEL,RMER,1
PDEL,RMEV,1
PDEL,RMFR,1
PDEL,RMHL,1
PDEL,SABD,1
PDEL,SABVR,1
PDEL,SDQL,1
PDEL,SIADL,1
PDEL,SIAVL,1
PDEL,SIBDL,1
PDEL,SIBVR,1
PDEL,SMDVR,1
PDEL,URYDL,1
PDEL,URYDR,1
PDEL,URYVL,1
PDEL,URYVR,1
PDEL,VA1,1
PDEL,VA2,1
PDEL,VA4,1
PDEL,VA6,1
PDEL,VA7,1
PDEL,VA9,1
PDEL,VB1,1
PDEL,VB10,1
PDEL,VB2,1
PDEL,VB3,1
PDEL,VB5,1
PDEL,VB6,1
PDEL,VB7,1
PDEL,VB9,1
PDEL,VD10,1
PDEL,VD12,1
PDEL,VD13,1
PDEL,VD2,1
PDEL,VD3,1
PDEL,VD5,1
PDEL,VD6,1
PDEL,VD7,1
PDEL,VD8,1
PDER,ADER,1
PDER,ADLL,1
PDER,AIAR,1
PDER,AIBL,1
PDER,AIBR,1
PDER,AIML,1
PDER,AIZL,1
PDER,AIZR,1
PDER,ALML,1
PDER,ALMR,1
PDER,ALNL,1
PDER,ALNR,1
PDER,AS1,1
PDER,AS10,1
PDER,AS11,1
PDER,AS4,1
PDER,AS7,1
PDER,AS8,1
PDER,AS9,1
PDER,ASEL,1
PDER,ASGR,1
PDER,ASHL,1
PDER,ASHR,1
PDER,ASKR,1
PDER,AUAR,1
PDER,AVBR,1
PDER,AVFR,1
PDER,AVHL,1
PDER,AVJL,1
PDER,AVL,1
PDER,AWBL,1
PDER,AWCR,1
PDER,CANL,1
PDER,CEPDL,1
PDER,CEPDR,1
PDER,CEPVL,1
PDER,CEPVR,1
PDER,DA1,1
PDER,DA2,1
PDER,DA3,1
PDER,DA7,1
PDER,DA8,1
PDER,DA9,1
PDER,DB1,1
PDER,DB2,1
PDER,DB3,1
PDER,DB4,1
PDER,DB6,1
PDER,DB7,1
PDER,DD2,1
PDER,DD4,1
PDER,DD5,1
PDER,DD6,1
PDER,DVA,1
PDER,DVC,1
PDER,FLPL,1
PDER,HSNL,1
PDER,I1L,1
PDER,I3,1
PDER,I4,1
PDER,I6,1
PDER,IL1DR,1
PDER,IL1VR,1
PDER,IL2DL,1
PDER,IL2DR,1
PDER,IL2L,1
PDER,IL2R,1
PDER,IL2VL,1
PDER,IL2VR,1
PDER,M1,1
PDER,M4,1
PDER,M5,1
PDER,MCL,1
PDER,MCR,1
PDER,NSML,1
PDER,NSMR,1
PDER,OLQDR,1
PDER,PDA,1
PDER,PDEL,1
PDER,PHAL,1
PDER,PHAR,1
PDER,PHCL,1
PDER,PHCR,1
PDER,PLML,1
PDER,PLMR,1
PDER,PLNL,1
PDER,PLNR,1
PDER,PQR,1
PDER,PVCL,1
PDER,PVDR,1
PDER,PVQL,1
PDER,PVQR,1
PDER,PVT,1
PDER,RIAL,1
PDER,RIBL,1
PDER,RIBR,1
PDER,RICL,1
PDER,RICR,1
PDER,RID,1
PDER,RIML,1
PDER,RIMR,1
PDER,RIS,1
PDER,RMDDL,1
PDER,RMDDR,1
PDER,RMDL,1
PDER,RMDR,1
PDER,RMDVL,1
PDER,RMDVR,1
PDER,RMED,1
PDER,RMEL,1
PDER,RMER,1
PDER,RMFL,1
PDER,RMHL,1
PDER,SIADL,1
PDER,SIADR,1
PDER,SIBDL,1
PDER,SIBDR,1
PDER,SIBVR,1
PDER,SMDVR,1
PDER,URYDR,1
PDER,URYVL,1
PDER,VA1,1
PDER,VA11,1
PDER,VA12,1
PDER,VA2,1
PDER,VA3,1
PDER,VA4,1
PDER,VA5,1
PDER,VA6,1
PDER,VA7,1
PDER,VA8,1
PDER,VA9,1
PDER,VB1,1
PDER,VB10,1
PDER,VB11,1
PDER,VB3,1
PDER,VB5,1
PDER,VB6,1
PDER,VD1,1
PDER,VD11,1
PDER,VD12,1
PDER,VD2,1
PDER,VD3,1
PDER,VD4,1
PDER,VD5,1
PDER,VD6,1
PDER,VD9,1
RICL,AIBR,1
RICL,AS10,1
RICL,AS5,1
RICL,BAGL,1
RICL,CEPVR,1
RICL,DA6,1
RICL,DA9,1
RICL,DB2,1
RICL,DB5,1
RICL,DD3,1
RICL,DD4,1
RICL,I1L,1
RICL,IL1R,1
RICL,LUAR,1
RICL,M2R,1
RICL,M3L,1
RICL,MCR,1
RICL,PHCL,1
RICL,PVDR,1
RICL,RIAL,1
RICL,RMDR,1
RICL,SIAVR,1
RICL,VA3,1
RICL,VA4,1
RICL,VA6,1
RICL,VB6,1
RICL,VD5,1
RICL,VD6,1
RICR,AIAL,1
RICR,ALMR,1
RICR,AS10,1
RICR,AS11,1
RICR,AS2,1
RICR,AS4,1
RICR,ASGL,1
RICR,ASKR,1
RICR,AVJL,1
RICR,AWBL,1
RICR,DA9,1
RICR,DB5,1
RICR,DD3,1
RICR,DVA,1
RICR,HSNL,1
RICR,I2R,1
RICR,I6,1
RICR,M2L,1
RICR,PDEL,1
RICR,PDER,1
RICR,PQR,1
RICR,RIBL,1
RICR,SDQR,1
RICR,URYVL,1
RICR,VA2,1
RICR,VA9,1
RICR,VB10,1
RICR,VD11,1
RIML,ADEL,1
RIML,ADLL,1
RIML,AIAR,1
RIML,AIBR,1
RIML,AIYL,1
RIML,AIZL,1
RIML,AIZR,1
RIML,ALML,1
RIML,ALMR,1
RIML,ALNR,1
RIML,AS10,1
RIML,AS11,1
RIML,AS4,1
RIML,AS9,1
RIML,ASHR,1
RIML,ASIL,1
RIML,ASIR,1
RIML,AUAL,1
RIML,AVFL,1
RIML,AVFR,1
RIML,AVHL,1
RIML,AVJL,1
RIML,AVJR,1
RIML,AVL,1
RIML,AVM,1
RIML,AWBL,1
RIML,AWBR,1
RIML,AWCR,1
RIML,CANL,1
RIML,CANR,1
RIML,CEPDL,1
RIML,CEPDR,1
RIML,CEPVR,1
RIML,DA1,1
RIML,DA2,1
RIML,DA3,1
RIML,DA4,1
RIML,DA5,1
RIML,DA6,1
RIML,DA7,1
RIML,DB1,1
RIML,DB2,1
RIML,DB3,1
RIML,DB4,1
RIML,DB5,1
RIML,DB7,1
RIML,DD1,1
RIML,DD2,1
RIML,DD3,1
RIML,DD5,1
RIML,DD6,1
RIML,DVA,1
RIML,DVC,1
RIML,FLPR,1
RIML,HSNL,1
RIML,HSNR,1
RIML,I1R,1
RIML,I2L,1
RIML,I2R,1
RIML,I3,1
RIML,IL1VR,1
RIML,IL2DR,1
RIML,IL2L,1
RIML,IL2R,1
RIML,IL2VL,1
RIML,M2R,1
RIML,M4,1
RIML,MCR,1
RIML,NSMR,1
RIML,OLQVL,1
RIML,PDA,1
RIML,PDER,1
RIML,PHAL,1
RIML,PHAR,1
RIML,PHCL,1
RIML,PLML,1
RIML,PLNL,1
RIML,PVDL,1
RIML,RIAL,1
RIML,RIAR,1
RIML,RIBL,1
RIML,RIBR,1
RIML,RICL,1
RIML,RID,1
RIML,RIMR,1
RIML,RMDDL,1
RIML,RMDR,1
RIML,RMDVL,1
RIML,RMER,1
RIML,RMFL,1
RIML,RMHL,1
RIML,SDQL,1
RIML,SIAVL,1
RIML,SIBDR,1
RIML,SIBVR,1
RIML,URYDL,1
RIML,URYDR,1
RIML,URYVL,1
RIML,VA11,1
RIML,VA12,1
RIML,VA3,1
RIML,VA7,1
RIML,VA9,1
RIML,VB10,1
RIML,VB2,1
RIML,VB3,1
RIML,VB7,1
RIML,VB8,1
RIML,VD1,1
RIML,VD10,1
RIML,VD4,1
RIML,VD5,1
RIML,VD7,1
RIML,VD9,1
RIMR,ADER,1
RIMR,ADLR,1
RIMR,AFDL,1
RIMR,AIAR,1
RIMR,AIBR,1
RIMR,AIZR,1
RIMR,ALML,1
RIMR,ALMR,1
RIMR,ALNL,1
RIMR,AS2,1
RIMR,AS4,1
RIMR,AS5,1
RIMR,AS9,1
RIMR,ASEL,1
RIMR,ASER,1
RIMR,ASGR,1
RIMR,ASIL,1
RIMR,ASIR,1
RIMR,ASKL,1
RIMR,AUAR,1
RIMR,AVFL,1
RIMR,AVFR,1
RIMR,AVJL,1
RIMR,AVM,1
RIMR,AWBL,1
RIMR,AWBR,1
RIMR,AWCR,1
RIMR,CANR,1
RIMR,CEPDL,1
RIMR,CEPDR,1
RIMR,DA4,1
RIMR,DA5,1
RIMR,DA7,1
RIMR,DB1,1
RIMR,DB4,1
RIMR,DB5,1
RIMR,DB6,1
RIMR,DB7,1
RIMR,DD1,1
RIMR,DD2,1
RIMR,DD4,1
RIMR,DD5,1
RIMR,FLPL,1
RIMR,FLPR,1
RIMR,HSNR,1
RIMR,I1L,1
RIMR,I1R,1
RIMR,I3,1
RIMR,I6,1
RIMR,IL1DR,1
RIMR,IL1VR,1
RIMR,IL2L,1
RIMR,IL2R,1
RIMR,IL2VL,1
RIMR,LUAL,1
RIMR,M1,1
RIMR,M2R,1
RIMR,M3R,1
RIMR,M4,1
RIMR,M5,1
RIMR,NSMR,1
RIMR,PHAR,1
RIMR,PHBL,1
RIMR,PHCL,1
RIMR,PLML,1
RIMR,PLNR,1
RIMR,PQR,1
RIMR,PVCR,1
RIMR,PVQL,1
RIMR,PVQR,1
RIMR,PVT,1
RIMR,RIAL,1
RIMR,RIAR,1
RIMR,RIBL,1
RIMR,RICL,1
RIMR,RID,1
RIMR,RIML,1
RIMR,RIS,1
RIMR,RMDDR,1
RIMR,RMDL,1
RIMR,RMDVL,1
RIMR,RMDVR,1
RIMR,RMED,1
RIMR,RMER,1
RIMR,RMEV,1
RIMR,RMHL,1
RIMR,RMHR,1
RIMR,SIADL,1
RIMR,SIAVL,1
RIMR,SIAVR,1
RIMR,SIBVL,1
RIMR,SIBVR,1
RIMR,URYDR,1
RIMR,URYVL,1
RIMR,URYVR,1
RIMR,VA12,1
RIMR,VA2,1
RIMR,VA3,1
RIMR,VA4,1
RIMR,VA5,1
RIMR,VA9,1
RIMR,VB10,1
RIMR,VB3,1
RIMR,VB4,1
RIMR,VB5,1
RIMR,VB7,1
RIMR,VB9,1
RIMR,VD1,1
RIMR,VD10,1
RIMR,VD12,1
RIMR,VD13,1
RIMR,VD4,1
RIMR,VD6,1
RIMR,VD7,1
