ADAL,ADFL,1
ADAL,ADFR,1
ADAL,AIYL,1
ADAL,AS2,1
ADAL,ASER,1
ADAL,ASIL,1
ADAL,ASKR,1
ADAL,AVDR,1
ADAL,AVFL,1
ADAL,AVM,1
ADAL,AWAL,1
ADAL,BDUL,1
ADAL,DB6,1
ADAL,DD2,1
ADAL,DD5,1
ADAL,I2R,1
ADAL,IL2DL,1
ADAL,IL2DR,1
ADAL,IL2L,1
ADAL,IL2R,1
ADAL,IL2VL,1
ADAL,IL2VR,1
ADAL,M3L,1
ADAL,PHBL,1
ADAL,PLMR,1
ADAL,PVCL,1
ADAL,PVQL,1
ADAL,PVR,1
ADAL,RICL,1
ADAL,RIFR,1
ADAL,RIGL,1
ADAL,RMED,1
ADAL,SABVL,1
ADAL,SABVR,1
ADAL,SMBDL,1
ADAL,URYDR,1
ADAL,VD1,1
ADAL,VD12,1
ADAL,VD13,1
ADAL,VD2,1
ADAL,VD3,1
ADAL,VD5,1
ADAL,VD7,1
ADAL,VD8,1
ADAR,ADFR,1
ADAR,ADLL,1
ADAR,ADLR,1
ADAR,AIYR,1
ADAR,ASEL,1
ADAR,ASER,1
ADAR,ASHL,1
ADAR,ASJL,1
ADAR,ASKL,1
ADAR,AVAR,1
ADAR,AVFL,1
ADAR,AWAL,1
ADAR,BDUL,1
ADAR,BDUR,1
ADAR,DB2,1
ADAR,DD2,1
ADAR,DD3,1
ADAR,HSNR,1
ADAR,I2R,1
ADAR,IL2DL,1
ADAR,IL2DR,1
ADAR,OLQDL,1
ADAR,OLQDR,1
ADAR,PLML,1
ADAR,PLMR,1
ADAR,PVCL,1
ADAR,PVQL,1
ADAR,PVR,1
ADAR,RIAL,1
ADAR,RICL,1
ADAR,RIFL,1
ADAR,RMEV,1
ADAR,SAADR,1
ADAR,SABD,1
ADAR,SDQL,1
ADAR,SMBDL,1
ADAR,URYVL,1
ADAR,VA12,1
ADAR,VB2,1
ADAR,VB6,1
ADAR,VD1,1
ADAR,VD10,1
ADAR,VD12,1
ADAR,VD7,1
ADEL,AIYL,1
ADEL,ALMR,1
ADEL,AQR,1
ADEL,AS4,1
ADEL,AS6,1
ADEL,ASER,1
ADEL,ASGL,1
ADEL,ASGR,1
ADEL,ASHL,1
ADEL,ASIR,1
ADEL,AVAL,1
ADEL,AVDL,1
ADEL,AVFL,1
ADEL,AWAL,1
ADEL,BAGL,1
ADEL,BAGR,1
ADEL,BDUL,1
ADEL,FLPR,1
ADEL,HSNR,1
ADEL,I2L,1
ADEL,OLLL,1
ADEL,OLLR,1
ADEL,OLQDR,1
ADEL,OLQVL,1
ADEL,PHAR,1
ADEL,PHBR,1
ADEL,PLML,1
ADEL,PVCL,1
ADEL,PVM,1
ADEL,PVWL,1
ADEL,RIAR,1
ADEL,RICL,1
ADEL,RMER,1
ADEL,RMEV,1
ADEL,SABVR,1
ADEL,SDQL,1
ADEL,SDQR,1
ADEL,SMBDR,1
ADEL,URYVR,1
ADEL,VA2,1
ADEL,VB4,1
ADEL,VD10,1
ADEL,VD2,1
ADEL,VD5,1
ADER,ADLR,1
ADER,AIAR,1
ADER,ALML,1
ADER,AS4,1
ADER,ASER,1
ADER,ASHL,1
ADER,ASIR,1
ADER,AVAL,1
ADER,AVAR,1
ADER,AVM,1
ADER,AWAL,1
ADER,AWAR,1
ADER,BAGR,1
ADER,DB2,1
ADER,DVA,1
ADER,FLPR,1
ADER,I1L,1
ADER,I2L,1
ADER,I2R,1
ADER,IL2VR,1
ADER,OLLR,1
ADER,OLQDL,1
ADER,OLQDR,1
ADER,PHAL,1
ADER,PHAR,1
ADER,PLMR,1
ADER,PQR,1
ADER,PVCL,1
ADER,PVM,1
ADER,PVQL,1
ADER,PVQR,1
ADER,PVWR,1
ADER,RIFL,1
ADER,RIVL,1
ADER,RIVR,1
ADER,RMEL,1
ADER,RMER,1
ADER,SAADL,1
ADER,URYDL,1
ADER,URYDR,1
ADER,VA5,1
ADER,VD1,1
ADER,VD4,1
ADER,VD7,1
ADFL,ADFR,1
ADFL,AIAL,1
ADFL,AIZR,1
ADFL,ALMR,1
ADFL,AQR,1
ADFL,AS1,1
ADFL,AS11,1
ADFL,AS8,1
ADFL,ASER,1
ADFL,ASGL,1
ADFL,ASHR,1
ADFL,ASIR,1
ADFL,ASJR,1
ADFL,AUAL,1
ADFL,AVAL,1
ADFL,AVAR,1
ADFL,AVDR,1
ADFL,AVEL,1
ADFL,AVM,1
ADFL,BAGR,1
ADFL,BDUL,1
ADFL,DA2,1
ADFL,DA3,1
ADFL,DA5,1
ADFL,DA9,1
ADFL,DB2,1
ADFL,DB6,1
ADFL,DD5,1
ADFL,DVA,1
ADFL,FLPL,1
ADFL,FLPR,1
ADFL,HSNL,1
ADFL,I1L,1
ADFL,I1R,1
ADFL,IL2DL,1
ADFL,IL2DR,1
ADFL,IL2R,1
ADFL,IL2VL,1
ADFL,OLLL,1
ADFL,OLQDL,1
ADFL,OLQDR,1
ADFL,OLQVL,1
ADFL,PHBL,1
ADFL,PHBR,1
ADFL,PLML,1
ADFL,PLMR,1
ADFL,PQR,1
ADFL,PVCL,1
ADFL,PVCR,1
ADFL,PVDL,1
ADFL,PVQL,1
ADFL,PVWL,1
ADFL,PVWR,1
ADFL,RICL,1
ADFL,RICR,1
ADFL,RIFL,1
ADFL,RIFR,1
ADFL,RIGR,1
ADFL,RIVL,1
ADFL,RIVR,1
ADFL,RMEL,1
ADFL,RMER,1
ADFL,RMGR,1
ADFL,SAADL,1
ADFL,SAADR,1
ADFL,SABD,1
ADFL,SABVL,1
ADFL,SABVR,1
ADFL,SDQL,1
ADFL,SMBDL,1
ADFL,URXL,1
ADFL,URYDR,1
ADFL,URYVL,1
ADFL,URYVR,1
ADFL,VA6,1
ADFL,VB1,1
ADFL,VB4,1
ADFL,VD1,1
ADFL,VD10,1
ADFL,VD11,1
ADFL,VD12,1
ADFL,VD2,1
ADFL,VD3,1
ADFL,VD4,1
ADFL,VD5,1
ADFL,VD7,1
ADFR,AIAL,1
ADFR,AIAR,1
ADFR,AIYR,1
ADFR,ALML,1
ADFR,ALMR,1
ADFR,AS11,1
ADFR,AS4,1
ADFR,AS6,1
ADFR,AS9,1
ADFR,ASER,1
ADFR,ASGL,1
ADFR,ASHL,1
ADFR,ASIL,1
ADFR,ASKL,1
ADFR,AUAL,1
ADFR,AVAL,1
ADFR,AVDL,1
ADFR,AVDR,1
ADFR,AVER,1
ADFR,AVFR,1
ADFR,AVM,1
ADFR,AWAL,1
ADFR,AWAR,1
ADFR,AWBR,1
ADFR,BAGR,1
ADFR,BDUL,1
ADFR,BDUR,1
ADFR,DA2,1
ADFR,DB2,1
ADFR,DB3,1
ADFR,DD1,1
ADFR,DD2,1
ADFR,DD3,1
ADFR,DD4,1
ADFR,DD6,1
ADFR,DVA,1
ADFR,FLPL,1
ADFR,FLPR,1
ADFR,HSNL,1
ADFR,I1R,1
ADFR,I2L,1
ADFR,IL2DL,1
ADFR,IL2L,1
ADFR,IL2R,1
ADFR,IL2VR,1
ADFR,M3R,1
ADFR,OLLR,1
ADFR,OLQVL,1
ADFR,OLQVR,1
ADFR,PHAL,1
ADFR,PHBL,1
ADFR,PLML,1
ADFR,PQR,1
ADFR,PVCR,1
ADFR,PVQR,1
ADFR,PVWR,1
ADFR,RIAR,1
ADFR,RICL,1
ADFR,RICR,1
ADFR,RIFL,1
ADFR,RIGL,1
ADFR,RIGR,1
ADFR,RMED,1
ADFR,RMEL,1
ADFR,RMEV,1
ADFR,RMGL,1
ADFR,RMGR,1
ADFR,SAADL,1
ADFR,SABD,1
ADFR,SDQR,1
ADFR,SMBDL,1
ADFR,SMBDR,1
ADFR,URXL,1
ADFR,URYVL,1
ADFR,VA3,1
ADFR,VA5,1
ADFR,VA6,1
ADFR,VA9,1
ADFR,VD1,1
ADFR,VD2,1
ADFR,VD3,1
ADFR,VD4,1
ADFR,VD5,1
ADFR,VD7,1
ADFR,VD8,1
ADFR,VD9,1
ADLL,ADFL,1
ADLL,AIAL,1
ADLL,AIAR,1
ADLL,AIYL,1
ADLL,AIYR,1
ADLL,AIZR,1
ADLL,ALML,1
ADLL,ALMR,1
ADLL,AS1,1
ADLL,AS10,1
ADLL,ASEL,1
ADLL,ASER,1
ADLL,ASGR,1
ADLL,ASHL,1
ADLL,ASHR,1
ADLL,ASIL,1
ADLL,ASJL,1
ADLL,AVAL,1
ADLL,AVAR,1
ADLL,AVDL,1
ADLL,AVFL,1
ADLL,AVG,1
ADLL,AVM,1
ADLL,AWAL,1
ADLL,AWAR,1
ADLL,AWBR,1
ADLL,BDUL,1
ADLL,BDUR,1
ADLL,DB2,1
ADLL,DB3,1
ADLL,DB4,1
ADLL,DB5,1
ADLL,DB6,1
ADLL,DB7,1
ADLL,DD1,1
ADLL,DD2,1
ADLL,DD3,1
ADLL,DD4,1
ADLL,DVA,1
ADLL,FLPL,1
ADLL,HSNL,1
ADLL,I2L,1
ADLL,I2R,1
ADLL,IL2DR,1
ADLL,IL2L,1
ADLL,IL2VL,1
ADLL,IL2VR,1
ADLL,M3L,1
ADLL,OLLL,1
ADLL,OLQDL,1
ADLL,OLQDR,1
ADLL,OLQVL,1
ADLL,PHAL,1
ADLL,PHAR,1
ADLL,PHBL,1
ADLL,PHBR,1
ADLL,PLML,1
ADLL,PLMR,1
ADLL,PVCL,1
ADLL,PVCR,1
ADLL,PVDR,1
ADLL,PVM,1
ADLL,PVQL,1
ADLL,PVR,1
ADLL,PVWR,1
ADLL,RICR,1
ADLL,RIFL,1
ADLL,RIFR,1
ADLL,RIGL,1
ADLL,RIVL,1
ADLL,RMED,1
ADLL,RMEL,1
ADLL,SABVL,1
ADLL,SABVR,1
ADLL,SDQL,1
ADLL,SDQR,1
ADLL,SMBDL,1
ADLL,SMBDR,1
ADLL,URXL,1
ADLL,URXR,1
ADLL,URYDL,1
ADLL,URYVL,1
ADLL,URYVR,1
ADLL,VA1,1
ADLL,VA3,1
ADLL,VA9,1
ADLL,VD1,1
ADLL,VD10,1
ADLL,VD11,1
ADLL,VD2,1
ADLL,VD4,1
ADLL,VD7,1
ADLR,ADLL,1
ADLR,AIAR,1
ADLR,AIYL,1
ADLR,AIYR,1
ADLR,ALML,1
ADLR,AQR,1
ADLR,AS1,1
ADLR,AS10,1
ADLR,AS3,1
ADLR,ASER,1
ADLR,ASHL,1
ADLR,ASHR,1
ADLR,ASIL,1
ADLR,ASIR,1
ADLR,ASJL,1
ADLR,AUAL,1
ADLR,AUAR,1
ADLR,AVAL,1
ADLR,AVDL,1
ADLR,AVDR,1
ADLR,AVER,1
ADLR,AVFL,1
ADLR,AVFR,1
ADLR,AVM,1
ADLR,AWAR,1
ADLR,AWBL,1
ADLR,AWBR,1
ADLR,BAGL,1
ADLR,BAGR,1
ADLR,BDUR,1
ADLR,DB4,1
ADLR,DB7,1
ADLR,DD3,1
ADLR,DD4,1
ADLR,DVA,1
ADLR,I2L,1
ADLR,IL2DL,1
ADLR,IL2R,1
ADLR,IL2VL,1
ADLR,M3R,1
ADLR,OLLL,1
ADLR,OLLR,1
ADLR,OLQDL,1
ADLR,OLQDR,1
ADLR,OLQVR,1
ADLR,PHAL,1
ADLR,PHAR,1
ADLR,PHBL,1
ADLR,PHBR,1
ADLR,PLML,1
ADLR,PLMR,1
ADLR,PVDR,1
ADLR,PVM,1
ADLR,PVPL,1
ADLR,PVQL,1
ADLR,PVWL,1
ADLR,PVWR,1
ADLR,RIAL,1
ADLR,RIAR,1
ADLR,RIFL,1
ADLR,RIFR,1
ADLR,RIGL,1
ADLR,RIGR,1
ADLR,RIVL,1
ADLR,RMEL,1
ADLR,RMGL,1
ADLR,RMGR,1
ADLR,SAADL,1
ADLR,SDQL,1
ADLR,SDQR,1
ADLR,SMBDL,1
ADLR,URXL,1
ADLR,URXR,1
ADLR,URYDR,1
ADLR,URYVL,1
ADLR,VA1,1
ADLR,VA10,1
ADLR,VA3,1
ADLR,VA6,1
ADLR,VB1,1
ADLR,VB10,1
ADLR,VB5,1
ADLR,VD10,1
ADLR,VD11,1
ADLR,VD12,1
ADLR,VD2,1
ADLR,VD3,1
ADLR,VD4,1
ADLR,VD5,1
ADLR,VD6,1
ADLR,VD8,1
ADLR,VD9,1
AFDL,ADFL,1
AFDL,ADFR,1
AFDL,ADLR,1
AFDL,AIAR,1
AFDL,AIYL,1
AFDL,AQR,1
AFDL,AS11,1
AFDL,ASEL,1
AFDL,ASER,1
AFDL,ASGL,1
AFDL,ASGR,1
AFDL,ASIR,1
AFDL,ASKL,1
AFDL,AVAL,1
AFDL,AVAR,1
AFDL,AVDR,1
AFDL,AVFL,1
AFDL,AWAL,1
AFDL,BAGL,1
AFDL,BAGR,1
AFDL,DD4,1
AFDL,DD6,1
AFDL,I1L,1
AFDL,I2R,1
AFDL,IL2DL,1
AFDL,IL2DR,1
AFDL,IL2L,1
AFDL,M3L,1
AFDL,M3R,1
AFDL,OLQDR,1
AFDL,PHAL,1
AFDL,PHBL,1
AFDL,PHBR,1
AFDL,PVDR,1
AFDL,PVM,1
AFDL,PVQL,1
AFDL,PVQR,1
AFDL,PVWL,1
AFDL,RIVR,1
AFDL,RMED,1
AFDL,RMEL,1
AFDL,RMGL,1
AFDL,RMGR,1
AFDL,SAADL,1
AFDL,SDQL,1
AFDL,SDQR,1
AFDL,SMBDL,1
AFDL,SMBDR,1
AFDL,URXL,1
AFDL,URYDL,1
AFDL,URYDR,1
AFDL,URYVL,1
AFDL,VA4,1
AFDL,VB1,1
AFDL,VB6,1
AFDL,VD1,1
AFDL,VD12,1
AFDL,VD5,1
AFDL,VD7,1
AFDR,ADLL,1
AFDR,AIYL,1
AFDR,AS11,1
AFDR,ASEL,1
AFDR,ASGL,1
AFDR,ASGR,1
AFDR,ASHL,1
AFDR,ASIR,1
AFDR,ASJL,1
AFDR,ASJR,1
AFDR,ASKL,1
AFDR,AUAL,1
AFDR,AVDL,1
AFDR,AVEL,1
AFDR,AWBR,1
AFDR,BDUR,1
AFDR,DB2,1
AFDR,DD2,1
AFDR,I1R,1
AFDR,IL2R,1
AFDR,IL2VR,1
AFDR,M3R,1
AFDR,OLLL,1
AFDR,OLQDR,1
AFDR,OLQVL,1
AFDR,PHAL,1
AFDR,PHAR,1
AFDR,PHBL,1
AFDR,PHBR,1
AFDR,PLMR,1
AFDR,PVCL,1
AFDR,PVM,1
AFDR,PVQL,1
AFDR,PVQR,1
AFDR,RICR,1
AFDR,RIGL,1
AFDR,RIGR,1
AFDR,RIVR,1
AFDR,RMER,1
AFDR,RMEV,1
AFDR,RMGR,1
AFDR,SAADL,1
AFDR,SABD,1
AFDR,SABVL,1
AFDR,SABVR,1
AFDR,SDQL,1
AFDR,SDQR,1
AFDR,SMBDL,1
AFDR,URYVR,1
AFDR,VA11,1
AFDR,VB1,1
AFDR,VB8,1
AFDR,VD1,1
AFDR,VD10,1
AFDR,VD12,1
AFDR,VD2,1
AFDR,VD5,1
AFDR,VD6,1
AFDR,VD7,1
AIAL,AIYR,1
AIAL,ASGL,1
AIAL,ASIL,1
AIAL,AUAR,1
AIAL,AVAL,1
AIAL,AVDL,1
AIAL,AWBL,1
AIAL,DB2,1
AIAL,FLPL,1
AIAL,I2L,1
AIAL,PHAL,1
AIAL,PVQL,1
AIAL,VD8,1
AIAR,DA3,1
AIAR,DD3,1
AIAR,DD6,1
AIAR,I1L,1
AIAR,IL2VL,1
AIAR,PHAL,1
AIAR,PHAR,1
AIAR,PVM,1
AIAR,PVWR,1
AIAR,RMER,1
AIAR,SABVL,1
AIAR,SMBDL,1
AIAR,VA4,1
AIML,AIAR,1
AIML,AIYL,1
AIML,AIYR,1
AIML,AIZR,1
AIML,ALML,1
AIML,ALMR,1
AIML,AQR,1
AIML,AS1,1
AIML,AS9,1
AIML,ASEL,1
AIML,ASGL,1
AIML,ASHL,1
AIML,ASHR,1
AIML,ASIL,1
AIML,ASJL,1
AIML,ASJR,1
AIML,AUAR,1
AIML,AVDL,1
AIML,AVM,1
AIML,DB2,1
AIML,DD1,1
AIML,DD2,1
AIML,DD3,1
AIML,FLPL,1
AIML,I1L,1
AIML,I2L,1
AIML,I2R,1
AIML,IL2R,1
AIML,IL2VL,1
AIML,IL2VR,1
AIML,PHAR,1
AIML,PHBL,1
AIML,PHBR,1
AIML,PVCL,1
AIML,PVQL,1
AIML,PVQR,1
AIML,RIFL,1
AIML,RMED,1
AIML,SAADL,1
AIML,SAADR,1
AIML,SDQL,1
AIML,URYDL,1
AIML,VB5,1
AIML,VD10,1
AIML,VD2,1
AIML,VD4,1
AIML,VD5,1
AIML,VD6,1
AIML,VD9,1
AIMR,ADFR,1
AIMR,ADLL,1
AIMR,AIAL,1
AIMR,AIYR,1
AIMR,ASER,1
AIMR,ASGL,1
AIMR,ASGR,1
AIMR,ASHR,1
AIMR,ASIR,1
AIMR,AVAL,1
AIMR,AVAR,1
AIMR,AVDL,1
AIMR,AWAL,1
AIMR,AWAR,1
AIMR,AWBL,1
AIMR,AWBR,1
AIMR,BAGR,1
AIMR,BDUL,1
AIMR,BDUR,1
AIMR,DD3,1
AIMR,DVA,1
AIMR,I1L,1
AIMR,IL2VR,1
AIMR,OLQDR,1
AIMR,PHAL,1
AIMR,PHBR,1
AIMR,PLML,1
AIMR,PQR,1
AIMR,PVQL,1
AIMR,PVQR,1
AIMR,RICL,1
AIMR,RIGL,1
AIMR,RIGR,1
AIMR,RIVL,1
AIMR,RMEL,1
AIMR,RMER,1
AIMR,RMGL,1
AIMR,SAADL,1
AIMR,SABD,1
AIMR,SABVR,1
AIMR,SDQL,1
AIMR,SMBDR,1
AIMR,URXL,1
AIMR,URXR,1
AIMR,URYVL,1
AIMR,VD11,1
AIMR,VD13,1
AIMR,VD4,1
AIMR,VD8,1
AIYL,ADFR,1
AIYL,ADLL,1
AIYL,AIAL,1
AIYL,AIAR,1
AIYL,AIZL,1
AIYL,ALMR,1
AIYL,AQR,1
AIYL,AS1,1
AIYL,AS10,1
AIYL,AS4,1
AIYL,AS6,1
AIYL,ASEL,1
AIYL,ASGL,1
AIYL,ASHL,1
AIYL,ASHR,1
AIYL,ASIL,1
AIYL,ASJR,1
AIYL,ASKR,1
AIYL,AUAL,1
AIYL,AUAR,1
AIYL,AVAL,1
AIYL,AVDR,1
AIYL,AVEL,1
AIYL,AVER,1
AIYL,AVFL,1
AIYL,AVFR,1
AIYL,AWAR,1
AIYL,AWBL,1
AIYL,BAGL,1
AIYL,BAGR,1
AIYL,DA3,1
AIYL,DB2,1
AIYL,DB6,1
AIYL,DB7,1
AIYL,DD1,1
AIYL,DD2,1
AIYL,DD4,1
AIYL,DD5,1
AIYL,DVA,1
AIYL,HSNR,1
AIYL,I1R,1
AIYL,I2L,1
AIYL,IL2DL,1
AIYL,IL2L,1
AIYL,IL2R,1
AIYL,IL2VL,1
AIYL,IL2VR,1
AIYL,M3L,1
AIYL,M3R,1
AIYL,OLLL,1
AIYL,OLQDL,1
AIYL,OLQVL,1
AIYL,PHAL,1
AIYL,PHAR,1
AIYL,PLML,1
AIYL,PVCL,1
AIYL,PVCR,1
AIYL,PVDL,1
AIYL,PVDR,1
AIYL,PVR,1
AIYL,PVWR,1
AIYL,RIAR,1
AIYL,RIFR,1
AIYL,RIGR,1
AIYL,RMGL,1
AIYL,RMGR,1
AIYL,SABVL,1
AIYL,SABVR,1
AIYL,SDQL,1
AIYL,SMBDL,1
AIYL,SMBDR,1
AIYL,URYDL,1
AIYL,URYVR,1
AIYL,VA1,1
AIYL,VA12,1
AIYL,VA6,1
AIYL,VB5,1
AIYL,VB8,1
AIYL,VD4,1
AIYL,VD5,1
AIYL,VD6,1
AIYR,ADFL,1
AIYR,ADLR,1
AIYR,AIAL,1
AIYR,AIAR,1
AIYR,AIYL,1
AIYR,AIZL,1
AIYR,AQR,1
AIYR,AS1,1
AIYR,AS3,1
AIYR,AS9,1
AIYR,ASEL,1
AIYR,ASGL,1
AIYR,ASGR,1
AIYR,ASHL,1
AIYR,ASIL,1
AIYR,ASIR,1
AIYR,ASJL,1
AIYR,ASJR,1
AIYR,ASKR,1
AIYR,AUAL,1
AIYR,AVAL,1
AIYR,AVAR,1
AIYR,AVDL,1
AIYR,AVDR,1
AIYR,AVER,1
AIYR,AVM,1
AIYR,AWAL,1
AIYR,AWAR,1
AIYR,AWBL,1
AIYR,BAGR,1
AIYR,BDUL,1
AIYR,DA9,1
AIYR,DD1,1
AIYR,DD2,1
AIYR,DD5,1
AIYR,DVA,1
AIYR,FLPR,1
AIYR,HSNL,1
AIYR,I1L,1
AIYR,IL2R,1
AIYR,IL2VR,1
AIYR,M3L,1
AIYR,M3R,1
AIYR,OLLR,1
AIYR,OLQDL,1
AIYR,OLQVL,1
AIYR,PHAL,1
AIYR,PHAR,1
AIYR,PHBR,1
AIYR,PLML,1
AIYR,PVDL,1
AIYR,PVM,1
AIYR,PVR,1
AIYR,PVWL,1
AIYR,RIAL,1
AIYR,RICR,1
AIYR,RIFL,1
AIYR,RIGL,1
AIYR,RIGR,1
AIYR,RMEL,1
AIYR,RMER,1
AIYR,RMGL,1
AIYR,RMGR,1
AIYR,SABVL,1
AIYR,SABVR,1
AIYR,SDQL,1
AIYR,SMBDL,1
AIYR,SMBDR,1
AIYR,URYDL,1
AIYR,URYDR,1
AIYR,URYVL,1
AIYR,URYVR,1
AIYR,VA4,1
AIYR,VB6,1
AIYR,VD1,1
AIYR,VD12,1
AIYR,VD2,1
AIYR,VD4,1
AIYR,VD5,1
AIYR,VD6,1
AIYR,VD9,1
AIZL,ADLL,1
AIZL,AS1,1
AIZL,ASHL,1
AIZL,ASKL,1
AIZL,ASKR,1
AIZL,AUAR,1
AIZL,AVM,1
AIZL,BDUR,1
AIZL,DB2,1
AIZL,IL2L,1
AIZL,PQR,1
AIZL,PVQR,1
AIZL,PVWL,1
AIZL,RIVR,1
AIZL,SABVL,1
AIZL,SDQL,1
AIZL,URYVL,1
AIZL,VD10,1
AIZL,VD11,1
AIZL,VD9,1
AIZR,ADFL,1
AIZR,AIAR,1
AIZR,AIZL,1
AIZR,ASER,1
AIZR,AVAL,1
AIZR,AVDR,1
AIZR,BAGL,1
AIZR,BDUR,1
AIZR,DB5,1
AIZR,DB6,1
AIZR,DD5,1
AIZR,FLPL,1
AIZR,IL2DL,1
AIZR,OLQDR,1
AIZR,PQR,1
AIZR,PVCR,1
AIZR,PVM,1
AIZR,RIAL,1
AIZR,RICL,1
AIZR,SMBDR,1
ALA,ADLL,1
ALA,AVER,1
ALA,AWBL,1
ALA,BAGL,1
ALA,FLPL,1
ALA,RIFL,1
ALA,SABD,1
ALA,VD5,1
AQR,AIAR,1
AQR,AIYR,1
AQR,AIZR,1
AQR,ALMR,1
AQR,ASIR,1
AQR,ASJL,1
AQR,ASJR,1
AQR,ASKL,1
AQR,ASKR,1
AQR,AVFL,1
AQR,AVFR,1
AQR,AVM,1
AQR,BAGR,1
AQR,BDUR,1
AQR,DB4,1
AQR,DB5,1
AQR,DD1,1
AQR,DD5,1
AQR,DVA,1
AQR,FLPR,1
AQR,HSNR,1
AQR,I1L,1
AQR,IL2VL,1
AQR,M3R,1
AQR,OLQDL,1
AQR,OLQVR,1
AQR,PHAR,1
AQR,PHBL,1
AQR,PVDL,1
AQR,PVM,1
AQR,RIAR,1
AQR,RMGR,1
AQR,SAADR,1
AQR,SDQR,1
AQR,SMBDL,1
AQR,URXL,1
AQR,URYVL,1
AQR,URYVR,1
AQR,VA3,1
AQR,VB1,1
AQR,VD11,1
AQR,VD12,1
AQR,VD7,1
AQR,VD9,1
ASEL,ADFL,1
ASEL,ADFR,1
ASEL,AIAL,1
ASEL,AIAR,1
ASEL,AIYL,1
ASEL,AIZL,1
ASEL,AIZR,1
ASEL,ALML,1
ASEL,ALMR,1
ASEL,AS1,1
ASEL,AS11,1
ASEL,AS2,1
ASEL,AS6,1
ASEL,ASER,1
ASEL,ASGL,1
ASEL,ASHL,1
ASEL,ASIR,1
ASEL,ASJL,1
ASEL,ASJR,1
ASEL,ASKL,1
ASEL,AUAL,1
ASEL,AVAL,1
ASEL,AVAR,1
ASEL,AVDL,1
ASEL,AVDR,1
ASEL,AVEL,1
ASEL,AVER,1
ASEL,AVFR,1
ASEL,AWAR,1
ASEL,AWBR,1
ASEL,BAGR,1
ASEL,BDUL,1
ASEL,BDUR,1
ASEL,DA2,1
ASEL,DA6,1
ASEL,DA9,1
ASEL,DB2,1
ASEL,DB3,1
ASEL,DB5,1
ASEL,DB6,1
ASEL,DD1,1
ASEL,DD2,1
ASEL,DD4,1
ASEL,DD5,1
ASEL,DD6,1
ASEL,HSNL,1
ASEL,I1L,1
ASEL,I1R,1
ASEL,I2L,1
ASEL,I2R,1
ASEL,IL2DL,1
ASEL,IL2DR,1
ASEL,IL2R,1
ASEL,IL2VL,1
ASEL,IL2VR,1
ASEL,OLLL,1
ASEL,OLLR,1
ASEL,OLQDL,1
ASEL,OLQVR,1
ASEL,PHAL,1
ASEL,PHAR,1
ASEL,PHBL,1
ASEL,PLML,1
ASEL,PQR,1
ASEL,PVDR,1
ASEL,PVQR,1
ASEL,PVWR,1
ASEL,RIAL,1
ASEL,RIAR,1
ASEL,RICL,1
ASEL,RIGL,1
ASEL,RIVL,1
ASEL,RIVR,1
ASEL,RMER,1
ASEL,RMEV,1
ASEL,RMGR,1
ASEL,SAADL,1
ASEL,SAADR,1
ASEL,SABVL,1
ASEL,SABVR,1
ASEL,SDQR,1
ASEL,SMBDL,1
ASEL,SMBDR,1
ASEL,URXL,1
ASEL,URXR,1
ASEL,URYDR,1
ASEL,VA1,1
ASEL,VA3,1
ASEL,VA4,1
ASEL,VA6,1
ASEL,VA9,1
ASEL,VB4,1
ASEL,VD10,1
ASEL,VD12,1
ASEL,VD2,1
ASEL,VD4,1
ASEL,VD5,1
ASEL,VD6,1
ASEL,VD7,1
ASEL,VD8,1
ASER,ADFR,1
ASER,ADLL,1
ASER,AIAL,1
ASER,AIAR,1
ASER,AIYL,1
ASER,AIZL,1
ASER,ALML,1
ASER,AS1,1
ASER,AS11,1
ASER,AS3,1
ASER,AS5,1
ASER,AS7,1
ASER,AS9,1
ASER,ASEL,1
ASER,ASGR,1
ASER,ASHL,1
ASER,ASIL,1
ASER,ASIR,1
ASER,ASJL,1
ASER,ASJR,1
ASER,ASKR,1
ASER,AUAL,1
ASER,AUAR,1
ASER,AVAR,1
ASER,AVDL,1
ASER,AVDR,1
ASER,AVER,1
ASER,AVM,1
ASER,AWAR,1
ASER,AWBL,1
ASER,BAGR,1
ASER,BDUL,1
ASER,BDUR,1
ASER,DA5,1
ASER,DA6,1
ASER,DA7,1
ASER,DA8,1
ASER,DB7,1
ASER,DD1,1
ASER,DD3,1
ASER,DVA,1
ASER,FLPL,1
ASER,HSNR,1
ASER,I1L,1
ASER,I1R,1
ASER,I2L,1
ASER,I2R,1
ASER,IL2DR,1
ASER,IL2L,1
ASER,IL2R,1
ASER,IL2VR,1
ASER,M3R,1
ASER,OLLR,1
ASER,OLQDL,1
ASER,OLQDR,1
ASER,OLQVR,1
ASER,PHBL,1
ASER,PHBR,1
ASER,PLML,1
ASER,PQR,1
ASER,PVCL,1
ASER,PVCR,1
ASER,PVDL,1
ASER,PVQL,1
ASER,PVR,1
ASER,PVWL,1
ASER,RIAR,1
ASER,RIFL,1
ASER,RIFR,1
ASER,RIVL,1
ASER,RIVR,1
ASER,RMED,1
ASER,RMEL,1
ASER,RMGR,1
ASER,SAADR,1
ASER,SABD,1
ASER,SABVL,1
ASER,SABVR,1
ASER,SDQL,1
ASER,SMBDL,1
ASER,SMBDR,1
ASER,URXL,1
ASER,URXR,1
ASER,URYDL,1
ASER,URYVL,1
ASER,VA3,1
ASER,VA9,1
ASER,VB1,1
ASER,VB7,1
ASER,VD11,1
ASER,VD2,1
ASER,VD3,1
ASER,VD5,1
ASER,VD8,1
ASGL,ADFL,1
ASGL,ADFR,1
ASGL,ADLL,1
ASGL,AIAL,1
ASGL,AIAR,1
ASGL,AIYR,1
ASGL,AIZR,1
ASGL,AQR,1
ASGL,AS1,1
ASGL,AS3,1
ASGL,AS4,1
ASGL,ASER,1
ASGL,ASGR,1
ASGL,ASHL,1
ASGL,ASIR,1
ASGL,ASJL,1
ASGL,ASJR,1
ASGL,ASKL,1
ASGL,ASKR,1
ASGL,AUAL,1
ASGL,AUAR,1
ASGL,AVAR,1
ASGL,AVDR,1
ASGL,AVEL,1
ASGL,AVFL,1
ASGL,AVFR,1
ASGL,AVM,1
ASGL,AWAR,1
ASGL,AWBL,1
ASGL,AWBR,1
ASGL,BAGL,1
ASGL,BAGR,1
ASGL,BDUL,1
ASGL,DA2,1
ASGL,DA5,1
ASGL,DA9,1
ASGL,DB2,1
ASGL,DB3,1
ASGL,DB5,1
ASGL,DB6,1
ASGL,DD5,1
ASGL,FLPL,1
ASGL,FLPR,1
ASGL,HSNL,1
ASGL,I1L,1
ASGL,I2L,1
ASGL,IL2DR,1
ASGL,IL2R,1
ASGL,IL2VL,1
ASGL,OLLL,1
ASGL,OLLR,1
ASGL,OLQDL,1
ASGL,OLQDR,1
ASGL,OLQVR,1
ASGL,PHAL,1
ASGL,PHBL,1
ASGL,PQR,1
ASGL,PVCL,1
ASGL,PVCR,1
ASGL,PVDL,1
ASGL,PVDR,1
ASGL,PVQL,1
ASGL,PVQR,1
ASGL,PVR,1
ASGL,PVWR,1
ASGL,RIAR,1
ASGL,RIFL,1
ASGL,RIFR,1
ASGL,RIGL,1
ASGL,RIVL,1
ASGL,RIVR,1
ASGL,RMED,1
ASGL,RMEL,1
ASGL,RMER,1
ASGL,RMGL,1
ASGL,RMGR,1
ASGL,SAADR,1
ASGL,SABD,1
ASGL,SABVR,1
ASGL,SDQL,1
ASGL,SDQR,1
ASGL,SMBDL,1
ASGL,SMBDR,1
ASGL,URXL,1
ASGL,URXR,1
ASGL,URYDL,1
ASGL,URYDR,1
ASGL,URYVR,1
ASGL,VA1,1
ASGL,VA3,1
ASGL,VA4,1
ASGL,VA6,1
ASGL,VA9,1
ASGL,VB1,1
ASGL,VB6,1
ASGL,VB9,1
ASGL,VD10,1
ASGL,VD13,1
ASGL,VD2,1
ASGL,VD4,1
ASGL,VD5,1
ASGL,VD6,1
ASGL,VD7,1
ASGL,VD8,1
ASGL,VD9,1
ASGR,ADFL,1
ASGR,ADFR,1
ASGR,ADLL,1
ASGR,AIAL,1
ASGR,AIAR,1
ASGR,AIYL,1
ASGR,AIYR,1
ASGR,AIZR,1
ASGR,ALML,1
ASGR,ALMR,1
ASGR,AQR,1
ASGR,AS1,1
ASGR,AS6,1
ASGR,AS7,1
ASGR,AS9,1
ASGR,ASEL,1
ASGR,ASER,1
ASGR,ASGL,1
ASGR,ASHR,1
ASGR,ASIL,1
ASGR,ASIR,1
ASGR,ASJL,1
ASGR,ASJR,1
ASGR,ASKL,1
ASGR,ASKR,1
ASGR,AUAL,1
ASGR,AUAR,1
ASGR,AVAR,1
ASGR,AVDL,1
ASGR,AVDR,1
ASGR,AVFL,1
ASGR,AVM,1
ASGR,AWBL,1
ASGR,AWBR,1
ASGR,BAGL,1
ASGR,BAGR,1
ASGR,BDUR,1
ASGR,DA5,1
ASGR,DB2,1
ASGR,DB4,1
ASGR,DB5,1
ASGR,DD2,1
ASGR,DD5,1
ASGR,DVA,1
ASGR,FLPL,1
ASGR,FLPR,1
ASGR,HSNL,1
ASGR,I1R,1
ASGR,I2L,1
ASGR,IL2DL,1
ASGR,IL2DR,1
ASGR,IL2L,1
ASGR,IL2R,1
ASGR,IL2VL,1
ASGR,IL2VR,1
ASGR,OLQDL,1
ASGR,OLQVL,1
ASGR,OLQVR,1
ASGR,PHAL,1
ASGR,PHAR,1
ASGR,PHBL,1
ASGR,PHBR,1
ASGR,PLML,1
ASGR,PLMR,1
ASGR,PVDL,1
ASGR,PVM,1
ASGR,PVQR,1
ASGR,PVWL,1
ASGR,RIAR,1
ASGR,RICL,1
ASGR,RICR,1
ASGR,RIFL,1
ASGR,RIFR,1
ASGR,RIGL,1
ASGR,RIVL,1
ASGR,RIVR,1
ASGR,RMED,1
ASGR,RMEL,1
ASGR,RMER,1
ASGR,RMEV,1
ASGR,RMGL,1
ASGR,SAADL,1
ASGR,SABVL,1
ASGR,SDQL,1
ASGR,SMBDL,1
ASGR,URXL,1
ASGR,URXR,1
ASGR,URYDR,1
ASGR,URYVL,1
ASGR,URYVR,1
ASGR,VA1,1
ASGR,VA5,1
ASGR,VA6,1
ASGR,VA7,1
ASGR,VA9,1
ASGR,VB1,1
ASGR,VB11,1
ASGR,VD10,1
ASGR,VD13,1
ASGR,VD3,1
ASGR,VD4,1
ASGR,VD5,1
ASGR,VD7,1
ASGR,VD8,1
ASGR,VD9,1
ASHL,ADFL,1
ASHL,ADFR,1
ASHL,ADLL,1
ASHL,AIAL,1
ASHL,AIYR,1
ASHL,AIZL,1
ASHL,AIZR,1
ASHL,AQR,1
ASHL,AS1,1
ASHL,AS10,1
ASHL,AS9,1
ASHL,ASEL,1
ASHL,ASER,1
ASHL,ASGL,1
ASHL,ASHR,1
ASHL,ASIL,1
ASHL,ASIR,1
ASHL,ASJL,1
ASHL,ASJR,1
ASHL,AUAL,1
ASHL,AUAR,1
ASHL,AVAL,1
ASHL,AVAR,1
ASHL,AVM,1
ASHL,AWBR,1
ASHL,BAGR,1
ASHL,BDUL,1
ASHL,DB1,1
ASHL,DB2,1
ASHL,DB3,1
ASHL,DB4,1
ASHL,DD1,1
ASHL,DD4,1
ASHL,DD5,1
ASHL,DD6,1
ASHL,FLPL,1
ASHL,FLPR,1
ASHL,HSNR,1
ASHL,IL2DL,1
ASHL,IL2L,1
ASHL,IL2R,1
ASHL,IL2VL,1
ASHL,IL2VR,1
ASHL,M3L,1
ASHL,OLQDR,1
ASHL,OLQVL,1
ASHL,OLQVR,1
ASHL,PHAL,1
ASHL,PHAR,1
ASHL,PHBL,1
ASHL,PHBR,1
ASHL,PLML,1
ASHL,PQR,1
ASHL,PVCL,1
ASHL,PVDR,1
ASHL,PVQR,1
ASHL,PVR,1
ASHL,PVWL,1
ASHL,RIAR,1
ASHL,RICL,1
ASHL,RICR,1
ASHL,RIFL,1
ASHL,RIFR,1
ASHL,RIVL,1
ASHL,RMED,1
ASHL,RMER,1
ASHL,RMGL,1
ASHL,RMGR,1
ASHL,SAADR,1
ASHL,SABD,1
ASHL,SABVL,1
ASHL,SDQR,1
ASHL,URXL,1
ASHL,URYDL,1
ASHL,URYDR,1
ASHL,URYVL,1
ASHL,VA1,1
ASHL,VA6,1
ASHL,VD10,1
ASHL,VD13,1
ASHL,VD2,1
ASHL,VD4,1
ASHL,VD5,1
ASHL,VD7,1
ASHL,VD8,1
ASHL,VD9,1
ASHR,ADLR,1
ASHR,AIAL,1
ASHR,AIAR,1
ASHR,AIYL,1
ASHR,AIYR,1
ASHR,AIZL,1
ASHR,AIZR,1
ASHR,ALML,1
ASHR,ALMR,1
ASHR,AS1,1
ASHR,AS10,1
ASHR,AS3,1
ASHR,ASEL,1
ASHR,ASER,1
ASHR,ASGR,1
ASHR,ASHL,1
ASHR,ASIL,1
ASHR,ASIR,1
ASHR,ASKL,1
ASHR,ASKR,1
ASHR,AUAL,1
ASHR,AVAL,1
ASHR,AVDL,1
ASHR,AVEL,1
ASHR,AVER,1
ASHR,AVFL,1
ASHR,AVFR,1
ASHR,AWAL,1
ASHR,AWBR,1
ASHR,BDUL,1
ASHR,BDUR,1
ASHR,DA2,1
ASHR,DB4,1
ASHR,DB5,1
ASHR,DB7,1
ASHR,DD1,1
ASHR,DD2,1
ASHR,DD5,1
ASHR,DVA,1
ASHR,FLPL,1
ASHR,FLPR,1
ASHR,HSNL,1
ASHR,HSNR,1
ASHR,I1L,1
ASHR,I1R,1
ASHR,IL2DR,1
ASHR,IL2L,1
ASHR,IL2VL,1
ASHR,IL2VR,1
ASHR,M3R,1
ASHR,OLLL,1
ASHR,OLQDL,1
ASHR,PHAR,1
ASHR,PHBR,1
ASHR,PLML,1
ASHR,PQR,1
ASHR,PVCL,1
ASHR,PVDL,1
ASHR,PVDR,1
ASHR,PVQL,1
ASHR,PVQR,1
ASHR,PVR,1
ASHR,PVWL,1
ASHR,RIAL,1
ASHR,RICR,1
ASHR,RIVL,1
ASHR,RMER,1
ASHR,RMEV,1
ASHR,RMGL,1
ASHR,RMGR,1
ASHR,SABVL,1
ASHR,SABVR,1
ASHR,SDQL,1
ASHR,URYDR,1
ASHR,URYVL,1
ASHR,VA6,1
ASHR,VA9,1
ASHR,VB1,1
ASHR,VB11,1
ASHR,VB5,1
ASHR,VD11,1
ASHR,VD12,1
ASHR,VD2,1
ASHR,VD3,1
ASHR,VD6,1
ASHR,VD7,1
ASIL,ADFL,1
ASIL,ADFR,1
ASIL,ADLL,1
ASIL,AIAL,1
ASIL,AIAR,1
ASIL,AIYL,1
ASIL,AIZL,1
ASIL,AIZR,1
ASIL,ALML,1
ASIL,ALMR,1
ASIL,AQR,1
ASIL,AS1,1
ASIL,AS5,1
ASIL,AS6,1
ASIL,ASEL,1
ASIL,ASER,1
ASIL,ASGL,1
ASIL,ASGR,1
ASIL,ASHR,1
ASIL,ASIR,1
ASIL,ASJL,1
ASIL,ASJR,1
ASIL,ASKL,1
ASIL,ASKR,1
ASIL,AUAL,1
ASIL,AVAL,1
ASIL,AVAR,1
ASIL,AVDL,1
ASIL,AVEL,1
ASIL,AVER,1
ASIL,AVFL,1
ASIL,AVFR,1
ASIL,AVM,1
ASIL,AWAL,1
ASIL,AWAR,1
ASIL,AWBR,1
ASIL,BAGR,1
ASIL,BDUL,1
ASIL,BDUR,1
ASIL,DB2,1
ASIL,DB3,1
ASIL,DB4,1
ASIL,DB5,1
ASIL,DB6,1
ASIL,DB7,1
ASIL,DD1,1
ASIL,DD3,1
ASIL,DD4,1
ASIL,DD5,1
ASIL,DD6,1
ASIL,DVA,1
ASIL,FLPL,1
ASIL,HSNL,1
ASIL,HSNR,1
ASIL,I1L,1
ASIL,I1R,1
ASIL,I2L,1
ASIL,I2R,1
ASIL,IL2DL,1
ASIL,IL2DR,1
ASIL,IL2L,1
ASIL,IL2R,1
ASIL,IL2VL,1
ASIL,IL2VR,1
ASIL,M3L,1
ASIL,M3R,1
ASIL,OLLL,1
ASIL,OLLR,1
ASIL,OLQDL,1
ASIL,OLQDR,1
ASIL,OLQVR,1
ASIL,PHAL,1
ASIL,PHAR,1
ASIL,PHBL,1
ASIL,PHBR,1
ASIL,PLML,1
ASIL,PLMR,1
ASIL,PVDR,1
ASIL,PVQR,1
ASIL,PVR,1
ASIL,PVWL,1
ASIL,PVWR,1
ASIL,RIAL,1
ASIL,RIAR,1
ASIL,RICL,1
ASIL,RICR,1
ASIL,RIFL,1
ASIL,RIFR,1
ASIL,RIGL,1
ASIL,RIGR,1
ASIL,RIVL,1
ASIL,RIVR,1
ASIL,RMED,1
ASIL,RMEV,1
ASIL,RMGL,1
ASIL,SAADL,1
ASIL,SAADR,1
ASIL,SABVL,1
ASIL,SABVR,1
ASIL,URXL,1
ASIL,URYDR,1
ASIL,URYVL,1
ASIL,URYVR,1
ASIL,VA1,1
ASIL,VA3,1
ASIL,VA4,1
ASIL,VA6,1
ASIL,VA9,1
ASIL,VB1,1
ASIL,VB11,1
ASIL,VD1,1
ASIL,VD10,1
ASIL,VD11,1
ASIL,VD12,1
ASIL,VD13,1
ASIL,VD4,1
ASIL,VD5,1
ASIL,VD6,1
ASIL,VD7,1
ASIL,VD8,1
ASIL,VD9,1
ASIR,ADFL,1
ASIR,ADFR,1
ASIR,ADLL,1
ASIR,ADLR,1
ASIR,AIAL,1
ASIR,AIAR,1
ASIR,AIYL,1
ASIR,AIZR,1
ASIR,ALMR,1
ASIR,AQR,1
ASIR,AS10,1
ASIR,AS6,1
ASIR,AS8,1
ASIR,ASEL,1
ASIR,ASER,1
ASIR,ASGL,1
ASIR,ASGR,1
ASIR,ASHL,1
ASIR,ASHR,1
ASIR,ASIL,1
ASIR,ASJL,1
ASIR,ASJR,1
ASIR,ASKL,1
ASIR,AUAL,1
ASIR,AUAR,1
ASIR,AVAL,1
ASIR,AVDL,1
ASIR,AVDR,1
ASIR,AVER,1
ASIR,AVFL,1
ASIR,AVM,1
ASIR,AWAL,1
ASIR,BAGR,1
ASIR,BDUL,1
ASIR,BDUR,1
ASIR,DA3,1
ASIR,DA4,1
ASIR,DA9,1
ASIR,DB2,1
ASIR,DB3,1
ASIR,DB4,1
ASIR,DB7,1
ASIR,DD1,1
ASIR,DD2,1
ASIR,DD4,1
ASIR,DD5,1
ASIR,DD6,1
ASIR,DVA,1
ASIR,FLPL,1
ASIR,FLPR,1
ASIR,HSNR,1
ASIR,I2L,1
ASIR,I2R,1
ASIR,IL2DL,1
ASIR,IL2DR,1
ASIR,IL2L,1
ASIR,IL2R,1
ASIR,IL2VR,1
ASIR,M3R,1
ASIR,OLLR,1
ASIR,OLQDL,1
ASIR,OLQDR,1
ASIR,OLQVL,1
ASIR,OLQVR,1
ASIR,PHAL,1
ASIR,PHAR,1
ASIR,PHBL,1
ASIR,PHBR,1
ASIR,PLML,1
ASIR,PLMR,1
ASIR,PVCL,1
ASIR,PVCR,1
ASIR,PVDR,1
ASIR,PVQL,1
ASIR,PVQR,1
ASIR,PVR,1
ASIR,PVWL,1
ASIR,PVWR,1
ASIR,RIAR,1
ASIR,RICL,1
ASIR,RICR,1
ASIR,RIFL,1
ASIR,RIFR,1
ASIR,RIGL,1
ASIR,RIVL,1
ASIR,RIVR,1
ASIR,RMEL,1
ASIR,RMER,1
ASIR,RMGL,1
ASIR,RMGR,1
ASIR,SAADL,1
ASIR,SAADR,1
ASIR,SABD,1
ASIR,SABVL,1
ASIR,SMBDL,1
ASIR,URXL,1
ASIR,URYDL,1
ASIR,URYDR,1
ASIR,URYVL,1
ASIR,URYVR,1
ASIR,VA1,1
ASIR,VA6,1
ASIR,VA9,1
ASIR,VB10,1
ASIR,VB11,1
ASIR,VB3,1
ASIR,VB4,1
ASIR,VB5,1
ASIR,VB7,1
ASIR,VD10,1
ASIR,VD11,1
ASIR,VD12,1
ASIR,VD13,1
ASIR,VD2,1
ASIR,VD3,1
ASIR,VD4,1
ASIR,VD5,1
ASIR,VD6,1
ASIR,VD7,1
ASIR,VD8,1
ASIR,VD9,1
ASJL,ADFL,1
ASJL,ADFR,1
ASJL,ADLR,1
ASJL,AIAL,1
ASJL,AIAR,1
ASJL,AIYR,1
ASJL,AIZR,1
ASJL,ALML,1
ASJL,AS4,1
ASJL,AS6,1
ASJL,ASEL,1
ASJL,ASGL,1
ASJL,ASGR,1
ASJL,ASHR,1
ASJL,ASIL,1
ASJL,ASKL,1
ASJL,ASKR,1
ASJL,AVDL,1
ASJL,AVDR,1
ASJL,AVER,1
ASJL,AVFL,1
ASJL,AWAR,1
ASJL,AWBL,1
ASJL,AWBR,1
ASJL,BAGR,1
ASJL,BDUL,1
ASJL,BDUR,1
ASJL,DB2,1
ASJL,DB5,1
ASJL,DB6,1
ASJL,DB7,1
ASJL,DD1,1
ASJL,FLPL,1
ASJL,HSNR,1
ASJL,I1R,1
ASJL,IL2DL,1
ASJL,IL2R,1
ASJL,IL2VR,1
ASJL,M3L,1
ASJL,OLQDR,1
ASJL,OLQVR,1
ASJL,PHAL,1
ASJL,PHAR,1
ASJL,PHBR,1
ASJL,PLML,1
ASJL,PVCL,1
ASJL,PVCR,1
ASJL,PVDL,1
ASJL,PVDR,1
ASJL,PVQL,1
ASJL,PVR,1
ASJL,PVWL,1
ASJL,RIAL,1
ASJL,RICL,1
ASJL,RICR,1
ASJL,RIFL,1
ASJL,RIFR,1
ASJL,RIGL,1
ASJL,RIGR,1
ASJL,RIVR,1
ASJL,RMED,1
ASJL,RMEL,1
ASJL,RMER,1
ASJL,RMEV,1
ASJL,RMGR,1
ASJL,SAADL,1
ASJL,SABD,1
ASJL,SABVL,1
ASJL,SDQL,1
ASJL,SMBDL,1
ASJL,URXL,1
ASJL,URXR,1
ASJL,URYDL,1
ASJL,URYDR,1
ASJL,URYVL,1
ASJL,URYVR,1
ASJL,VA6,1
ASJL,VA9,1
ASJL,VB9,1
ASJL,VD1,1
ASJL,VD10,1
ASJL,VD11,1
ASJL,VD12,1
ASJL,VD13,1
ASJL,VD4,1
ASJL,VD9,1
ASJR,ADFL,1
ASJR,ADFR,1
ASJR,ADLL,1
ASJR,AIAR,1
ASJR,AIYL,1
ASJR,AIYR,1
ASJR,AIZR,1
ASJR,ALML,1
ASJR,ALMR,1
ASJR,AQR,1
ASJR,AS6,1
ASJR,ASEL,1
ASJR,ASER,1
ASJR,ASGR,1
ASJR,ASHL,1
ASJR,ASIL,1
ASJR,ASIR,1
ASJR,AUAR,1
ASJR,AVAL,1
ASJR,AVDR,1
ASJR,AVEL,1
ASJR,AVER,1
ASJR,AVFL,1
ASJR,AWAL,1
ASJR,AWBL,1
ASJR,AWBR,1
ASJR,BAGL,1
ASJR,BAGR,1
ASJR,BDUR,1
ASJR,DB1,1
ASJR,DB3,1
ASJR,DB4,1
ASJR,DB5,1
ASJR,DD1,1
ASJR,DD2,1
ASJR,DD5,1
ASJR,DVA,1
ASJR,HSNL,1
ASJR,I1L,1
ASJR,I1R,1
ASJR,I2L,1
ASJR,I2R,1
ASJR,IL2DR,1
ASJR,M3R,1
ASJR,OLLL,1
ASJR,OLQDR,1
ASJR,PHAL,1
ASJR,PHAR,1
ASJR,PHBL,1
ASJR,PHBR,1
ASJR,PLMR,1
ASJR,PVCR,1
ASJR,PVDL,1
ASJR,PVDR,1
ASJR,PVWL,1
ASJR,RIAL,1
ASJR,RICL,1
ASJR,RIFR,1
ASJR,RIGL,1
ASJR,RIGR,1
ASJR,RIVL,1
ASJR,RMER,1
ASJR,RMGR,1
ASJR,SABD,1
ASJR,SABVL,1
ASJR,SDQL,1
ASJR,SDQR,1
ASJR,URXL,1
ASJR,URXR,1
ASJR,URYVL,1
ASJR,URYVR,1
ASJR,VA1,1
ASJR,VA11,1
ASJR,VA3,1
ASJR,VA4,1
ASJR,VA6,1
ASJR,VB11,1
ASJR,VB3,1
ASJR,VB5,1
ASJR,VD1,1
ASJR,VD11,1
ASJR,VD2,1
ASJR,VD4,1
ASJR,VD5,1
ASJR,VD8,1
ASJR,VD9,1
ASKL,ADFL,1
ASKL,ADFR,1
ASKL,ADLL,1
ASKL,ADLR,1
ASKL,AIAL,1
ASKL,AIAR,1
ASKL,AIYR,1
ASKL,ALML,1
ASKL,AQR,1
ASKL,AS1,1
ASKL,AS10,1
ASKL,AS5,1
ASKL,AS6,1
ASKL,AS7,1
ASKL,ASEL,1
ASKL,ASER,1
ASKL,ASGL,1
ASKL,ASGR,1
ASKL,ASHR,1
ASKL,ASIL,1
ASKL,ASIR,1
ASKL,ASJL,1
ASKL,ASJR,1
ASKL,ASKR,1
ASKL,AUAL,1
ASKL,AVAL,1
ASKL,AVAR,1
ASKL,AVDR,1
ASKL,AVEL,1
ASKL,AVER,1
ASKL,AVFR,1
ASKL,AWAL,1
ASKL,AWAR,1
ASKL,AWBR,1
ASKL,BAGL,1
ASKL,BAGR,1
ASKL,BDUL,1
ASKL,BDUR,1
ASKL,DA3,1
ASKL,DA5,1
ASKL,DA9,1
ASKL,DB2,1
ASKL,DB3,1
ASKL,DB4,1
ASKL,DB5,1
ASKL,DB6,1
ASKL,DB7,1
ASKL,DD1,1
ASKL,DD2,1
ASKL,DD3,1
ASKL,DD4,1
ASKL,DD5,1
ASKL,DVA,1
ASKL,HSNL,1
ASKL,HSNR,1
ASKL,I1L,1
ASKL,I1R,1
ASKL,I2R,1
ASKL,IL2DL,1
ASKL,IL2DR,1
ASKL,IL2VL,1
ASKL,IL2VR,1
ASKL,M3L,1
ASKL,M3R,1
ASKL,OLLL,1
ASKL,OLQDL,1
ASKL,OLQDR,1
ASKL,OLQVL,1
ASKL,OLQVR,1
ASKL,PHAL,1
ASKL,PHBL,1
ASKL,PLML,1
ASKL,PLMR,1
ASKL,PQR,1
ASKL,PVCL,1
ASKL,PVCR,1
ASKL,PVDL,1
ASKL,PVM,1
ASKL,PVQL,1
ASKL,PVQR,1
ASKL,PVR,1
ASKL,PVWL,1
ASKL,RIAL,1
ASKL,RICL,1
ASKL,RICR,1
ASKL,RIFL,1
ASKL,RIFR,1
ASKL,RIGR,1
ASKL,RIVL,1
ASKL,RMED,1
ASKL,RMEL,1
ASKL,RMER,1
ASKL,RMEV,1
ASKL,RMGL,1
ASKL,RMGR,1
ASKL,SAADL,1
ASKL,SABD,1
ASKL,SDQR,1
ASKL,SMBDL,1
ASKL,URXL,1
ASKL,URXR,1
ASKL,URYDL,1
ASKL,VA1,1
ASKL,VA4,1
ASKL,VA6,1
ASKL,VA8,1
ASKL,VA9,1
ASKL,VB1,1
ASKL,VB11,1
ASKL,VB2,1
ASKL,VB9,1
ASKL,VD1,1
ASKL,VD10,1
ASKL,VD13,1
ASKL,VD2,1
ASKL,VD3,1
ASKL,VD4,1
ASKL,VD5,1
ASKL,VD7,1
ASKL,VD8,1
ASKR,ADFL,1
ASKR,ADFR,1
ASKR,ADLL,1
ASKR,ADLR,1
ASKR,AIAL,1
ASKR,AIAR,1
ASKR,AIZR,1
ASKR,ALML,1
ASKR,AS10,1
ASKR,AS9,1
ASKR,ASEL,1
ASKR,ASER,1
ASKR,ASGL,1
ASKR,ASHL,1
ASKR,ASHR,1
ASKR,ASIL,1
ASKR,ASIR,1
ASKR,ASJL,1
ASKR,ASJR,1
ASKR,ASKL,1
ASKR,AVAL,1
ASKR,AVAR,1
ASKR,AVDL,1
ASKR,AVDR,1
ASKR,AVFL,1
ASKR,AWAR,1
ASKR,AWBL,1
ASKR,AWBR,1
ASKR,BAGR,1
ASKR,BDUL,1
ASKR,BDUR,1
ASKR,DA9,1
ASKR,DB1,1
ASKR,DB2,1
ASKR,DB4,1
ASKR,DB7,1
ASKR,DD1,1
ASKR,DD2,1
ASKR,DD3,1
ASKR,DD4,1
ASKR,DD5,1
ASKR,DVA,1
ASKR,FLPL,1
ASKR,FLPR,1
ASKR,I1L,1
ASKR,I1R,1
ASKR,I2L,1
ASKR,IL2DL,1
ASKR,IL2VL,1
ASKR,M3L,1
ASKR,M3R,1
ASKR,OLLR,1
ASKR,OLQDL,1
ASKR,OLQDR,1
ASKR,OLQVL,1
ASKR,OLQVR,1
ASKR,PHAL,1
ASKR,PHAR,1
ASKR,PHBL,1
ASKR,PHBR,1
ASKR,PLML,1
ASKR,PLMR,1
ASKR,PQR,1
ASKR,PVCL,1
ASKR,PVCR,1
ASKR,PVDL,1
ASKR,PVDR,1
ASKR,PVM,1
ASKR,PVQL,1
ASKR,PVQR,1
ASKR,PVR,1
ASKR,PVWL,1
ASKR,PVWR,1
ASKR,RIAR,1
ASKR,RICR,1
ASKR,RIFL,1
ASKR,RIFR,1
ASKR,RIGL,1
ASKR,RIGR,1
ASKR,RIVL,1
ASKR,RIVR,1
ASKR,RMED,1
ASKR,RMEL,1
ASKR,RMER,1
ASKR,RMEV,1
ASKR,RMGL,1
ASKR,RMGR,1
ASKR,SAADL,1
ASKR,SAADR,1
ASKR,SABD,1
ASKR,SABVL,1
ASKR,SABVR,1
ASKR,SDQL,1
ASKR,SDQR,1
ASKR,SMBDL,1
ASKR,URXL,1
ASKR,URXR,1
ASKR,URYDL,1
ASKR,URYDR,1
ASKR,URYVL,1
ASKR,URYVR,1
ASKR,VA12,1
ASKR,VA4,1
ASKR,VA6,1
ASKR,VA9,1
ASKR,VB1,1
ASKR,VB10,1
ASKR,VB4,1
ASKR,VB5,1
ASKR,VD1,1
ASKR,VD10,1
ASKR,VD11,1
ASKR,VD12,1
ASKR,VD13,1
ASKR,VD2,1
ASKR,VD4,1
ASKR,VD5,1
ASKR,VD6,1
ASKR,VD8,1
ASKR,VD9,1
AUAL,AVFR,1
AUAL,I2R,1
AUAL,PVCR,1
AUAL,SABVL,1
AUAL,VD4,1
AUAR,ADFL,1
AUAR,ASHL,1
AUAR,BAGL,1
AUAR,PVDR,1
AUAR,RICL,1
AVAL,ADFL,1
AVAL,ADFR,1
AVAL,ADLL,1
AVAL,AIAR,1
AVAL,AIYL,1
AVAL,ALMR,1
AVAL,AQR,1
AVAL,AS10,1
AVAL,AS7,1
AVAL,ASEL,1
AVAL,ASIL,1
AVAL,ASIR,1
AVAL,ASJR,1
AVAL,AVDL,1
AVAL,AVDR,1
AVAL,AVEL,1
AVAL,AVER,1
AVAL,AVFL,1
AVAL,AVM,1
AVAL,AWBR,1
AVAL,BAGR,1
AVAL,BDUL,1
AVAL,BDUR,1
AVAL,DA3,1
AVAL,DB3,1
AVAL,DD1,1
AVAL,DD4,1
AVAL,DD5,1
AVAL,DVA,1
AVAL,FLPR,1
AVAL,I2L,1
AVAL,I2R,1
AVAL,IL2DL,1
AVAL,IL2DR,1
AVAL,IL2VL,1
AVAL,M3L,1
AVAL,M3R,1
AVAL,OLQDR,1
AVAL,OLQVL,1
AVAL,OLQVR,1
AVAL,PHAL,1
AVAL,PLMR,1
AVAL,PVCL,1
AVAL,PVDL,1
AVAL,PVM,1
AVAL,PVQL,1
AVAL,PVWL,1
AVAL,RIAL,1
AVAL,RICR,1
AVAL,RIFL,1
AVAL,RIFR,1
AVAL,RIGL,1
AVAL,RIGR,1
AVAL,RIVL,1
AVAL,RMEV,1
AVAL,RMGL,1
AVAL,SAADL,1
AVAL,SAADR,1
AVAL,SABD,1
AVAL,SABVL,1
AVAL,SDQL,1
AVAL,SDQR,1
AVAL,SMBDL,1
AVAL,SMBDR,1
AVAL,URXL,1
AVAL,URXR,1
AVAL,URYDL,1
AVAL,URYDR,1
AVAL,VA6,1
AVAL,VB1,1
AVAL,VB3,1
AVAL,VB5,1
AVAL,VD1,1
AVAL,VD11,1
AVAL,VD12,1
AVAL,VD13,1
AVAL,VD3,1
AVAL,VD5,1
AVAL,VD6,1
AVAL,VD7,1
AVAL,VD9,1
AVAR,ADFL,1
AVAR,ADLR,1
AVAR,AIAL,1
AVAR,AIYL,1
AVAR,AIYR,1
AVAR,ALML,1
AVAR,ALMR,1
AVAR,AQR,1
AVAR,ASEL,1
AVAR,ASER,1
AVAR,ASGL,1
AVAR,ASHL,1
AVAR,ASIR,1
AVAR,ASJR,1
AVAR,AVAL,1
AVAR,AVEL,1
AVAR,AVER,1
AVAR,AVFL,1
AVAR,AVFR,1
AVAR,AVM,1
AVAR,BAGL,1
AVAR,BDUL,1
AVAR,DA1,1
AVAR,DD2,1
AVAR,DD3,1
AVAR,DD4,1
AVAR,DD5,1
AVAR,DD6,1
AVAR,DVA,1
AVAR,FLPR,1
AVAR,I1L,1
AVAR,I1R,1
AVAR,I2L,1
AVAR,I2R,1
AVAR,IL2DL,1
AVAR,IL2DR,1
AVAR,IL2VR,1
AVAR,M3L,1
AVAR,M3R,1
AVAR,OLLL,1
AVAR,OLLR,1
AVAR,OLQDL,1
AVAR,OLQVL,1
AVAR,PHAL,1
AVAR,PHBL,1
AVAR,PHBR,1
AVAR,PQR,1
AVAR,PVCL,1
AVAR,PVDR,1
AVAR,PVM,1
AVAR,PVR,1
AVAR,PVWR,1
AVAR,RIAL,1
AVAR,RICL,1
AVAR,RICR,1
AVAR,RIFL,1
AVAR,RIGL,1
AVAR,RIGR,1
AVAR,RIVL,1
AVAR,RIVR,1
AVAR,RMED,1
AVAR,RMEL,1
AVAR,RMER,1
AVAR,RMEV,1
AVAR,RMGR,1
AVAR,SABD,1
AVAR,SABVL,1
AVAR,SABVR,1
AVAR,SMBDR,1
AVAR,URXL,1
AVAR,URYDL,1
AVAR,VA11,1
AVAR,VA12,1
AVAR,VA3,1
AVAR,VA9,1
AVAR,VD10,1
AVAR,VD12,1
AVAR,VD13,1
AVAR,VD4,1
AVAR,VD7,1
AVAR,VD9,1
AVBL,ADLR,1
AVBL,AIAL,1
AVBL,AIYR,1
AVBL,AIZR,1
AVBL,ALMR,1
AVBL,ASEL,1
AVBL,ASJL,1
AVBL,ASKL,1
AVBL,AUAL,1
AVBL,AVFR,1
AVBL,BAGL,1
AVBL,BDUL,1
AVBL,BDUR,1
AVBL,DB2,1
AVBL,DD1,1
AVBL,DD5,1
AVBL,DVA,1
AVBL,I1L,1
AVBL,I1R,1
AVBL,I2L,1
AVBL,I2R,1
AVBL,IL2DL,1
AVBL,IL2L,1
AVBL,IL2R,1
AVBL,IL2VL,1
AVBL,M3L,1
AVBL,OLLL,1
AVBL,OLQVL,1
AVBL,OLQVR,1
AVBL,PVCL,1
AVBL,PVM,1
AVBL,PVWR,1
AVBL,RIFL,1
AVBL,RIGR,1
AVBL,RMEL,1
AVBL,SABVL,1
AVBL,SDQL,1
AVBL,SDQR,1
AVBL,SMBDR,1
AVBL,URXR,1
AVBL,VA8,1
AVBL,VD12,1
AVBL,VD2,1
AVBL,VD4,1
AVBR,AIYL,1
AVBR,AIZL,1
AVBR,ALMR,1
AVBR,AQR,1
AVBR,ASER,1
AVBR,ASIR,1
AVBR,ASKL,1
AVBR,ASKR,1
AVBR,AVAR,1
AVBR,AVEL,1
AVBR,AWAR,1
AVBR,BAGR,1
AVBR,BDUL,1
AVBR,DD4,1
AVBR,FLPR,1
AVBR,I1L,1
AVBR,I1R,1
AVBR,I2L,1
AVBR,IL2R,1
AVBR,IL2VL,1
AVBR,M3R,1
AVBR,OLQDL,1
AVBR,PHBL,1
AVBR,PHBR,1
AVBR,PLML,1
AVBR,PQR,1
AVBR,PVCL,1
AVBR,PVM,1
AVBR,RICR,1
AVBR,RIFL,1
AVBR,RIVL,1
AVBR,RIVR,1
AVBR,RMEL,1
AVBR,RMER,1
AVBR,SAADR,1
AVBR,SABD,1
AVBR,SABVL,1
AVBR,SDQR,1
AVBR,VB4,1
AVBR,VD10,1
AVBR,VD11,1
AVBR,VD12,1
AVBR,VD2,1
AVBR,VD4,1
AVDL,ADFL,1
AVDL,AIYL,1
AVDL,ALMR,1
AVDL,AQR,1
AVDL,AS9,1
AVDL,ASGR,1
AVDL,ASHR,1
AVDL,AVAR,1
AVDL,AVER,1
AVDL,AVFL,1
AVDL,AVFR,1
AVDL,AVM,1
AVDL,AWBR,1
AVDL,DB5,1
AVDL,DD1,1
AVDL,DD2,1
AVDL,DD6,1
AVDL,FLPL,1
AVDL,FLPR,1
AVDL,I1L,1
AVDL,IL2L,1
AVDL,M3R,1
AVDL,OLLR,1
AVDL,OLQDR,1
AVDL,PHBL,1
AVDL,PLML,1
AVDL,PVPL,1
AVDL,RIVR,1
AVDL,RMGL,1
AVDL,SAADR,1
AVDL,SABVR,1
AVDL,SMBDL,1
AVDL,URYVL,1
AVDL,URYVR,1
AVDL,VA2,1
AVDL,VA9,1
AVDL,VB1,1
AVDL,VD12,1
AVDL,VD13,1
AVDL,VD2,1
AVDL,VD3,1
AVDL,VD6,1
AVDL,VD7,1
AVDL,VD8,1
AVDR,AS6,1
AVDR,ASEL,1
AVDR,ASJR,1
AVDR,ASKL,1
AVDR,AUAL,1
AVDR,AVAL,1
AVDR,AVEL,1
AVDR,AVFR,1
AVDR,AVM,1
AVDR,AWBR,1
AVDR,BAGL,1
AVDR,BDUL,1
AVDR,BDUR,1
AVDR,DD1,1
AVDR,DD3,1
AVDR,DVA,1
AVDR,FLPR,1
AVDR,HSNL,1
AVDR,I1L,1
AVDR,IL2L,1
AVDR,IL2VR,1
AVDR,M3L,1
AVDR,OLLR,1
AVDR,PHAR,1
AVDR,PHBL,1
AVDR,PHBR,1
AVDR,PVDL,1
AVDR,PVM,1
AVDR,PVR,1
AVDR,PVWL,1
AVDR,RIFL,1
AVDR,RIGL,1
AVDR,RIGR,1
AVDR,RMER,1
AVDR,SAADL,1
AVDR,SDQR,1
AVDR,SMBDL,1
AVDR,URYDL,1
AVDR,VA9,1
AVDR,VD1,1
AVDR,VD10,1
AVDR,VD12,1
AVDR,VD3,1
AVDR,VD6,1
AVEL,AIAL,1
AVEL,AQR,1
AVEL,ASIL,1
AVEL,AVFR,1
AVEL,DD5,1
AVEL,FLPL,1
AVEL,IL2VR,1
AVEL,M3L,1
AVEL,OLQVR,1
AVEL,PVR,1
AVEL,RMED,1
AVEL,SDQL,1
AVEL,SDQR,1
AVER,AIAR,1
AVER,AIZR,1
AVER,ASGR,1
AVER,I2L,1
AVER,PVM,1
AVER,PVWR,1
AVER,RICL,1
AVER,RIVL,1
AVER,RMEL,1
AVER,SDQR,1
AVER,SMBDL,1
AVER,URYDR,1
AVER,VD7,1
AVG,ADFR,1
AVG,AIYR,1
AVG,ALMR,1
AVG,ASER,1
AVG,ASGL,1
AVG,ASGR,1
AVG,ASHR,1
AVG,ASIL,1
AVG,ASIR,1
AVG,ASJL,1
AVG,ASJR,1
AVG,ASKL,1
AVG,AUAR,1
AVG,AVAL,1
AVG,AVER,1
AVG,AWBL,1
AVG,BDUR,1
AVG,DD2,1
AVG,DD5,1
AVG,DD6,1
AVG,DVA,1
AVG,FLPL,1
AVG,HSNL,1
AVG,IL2VR,1
AVG,OLLR,1
AVG,PVQL,1
AVG,PVR,1
AVG,PVWL,1
AVG,PVWR,1
AVG,RICL,1
AVG,RIGL,1
AVG,RIVR,1
AVG,RMEL,1
AVG,RMEV,1
AVG,SAADR,1
AVG,SABVL,1
AVG,URXL,1
AVG,VD1,1
AVG,VD12,1
AVG,VD4,1
AVG,VD5,1
AVG,VD6,1
AVG,VD7,1
AVG,VD9,1
AVKL,ADFR,1
AVKL,ADLR,1
AVKL,AIZL,1
AVKL,ASGR,1
AVKL,ASIL,1
AVKL,ASIR,1
AVKL,ASJL,1
AVKL,AVAR,1
AVKL,BAGR,1
AVKL,BDUL,1
AVKL,DA1,1
AVKL,DD1,1
AVKL,FLPR,1
AVKL,I1L,1
AVKL,OLLL,1
AVKL,OLLR,1
AVKL,OLQVR,1
AVKL,PHAL,1
AVKL,PLML,1
AVKL,PVDL,1
AVKL,RIFL,1
AVKL,RIFR,1
AVKL,RMEL,1
AVKL,URXR,1
AVKL,URYDL,1
AVKL,VD1,1
AVKL,VD12,1
AVKL,VD13,1
AVKL,VD6,1
AVKL,VD8,1
AVKR,ADLL,1
AVKR,AIAL,1
AVKR,ASEL,1
AVKR,ASGL,1
AVKR,AUAR,1
AVKR,BDUL,1
AVKR,DB2,1
AVKR,FLPR,1
AVKR,I1R,1
AVKR,IL2VR,1
AVKR,OLLL,1
AVKR,OLQDL,1
AVKR,OLQDR,1
AVKR,OLQVR,1
AVKR,PHAL,1
AVKR,PHBL,1
AVKR,PLML,1
AVKR,PLMR,1
AVKR,PQR,1
AVKR,PVCR,1
AVKR,PVQL,1
AVKR,PVQR,1
AVKR,RICR,1
AVKR,RIVR,1
AVKR,RMEV,1
AVKR,RMGL,1
AVKR,SAADL,1
AVKR,URXL,1
AVKR,URYVR,1
AVKR,VD10,1
AVM,AS1,1
AVM,ASIR,1
AVM,AVDR,1
AVM,BAGL,1
AVM,DB5,1
AVM,I1L,1
AVM,RMGR,1
AVM,VD12,1
AVM,VD13,1
AWCL,ALMR,1
AWCL,ASGL,1
AWCL,ASKR,1
AWCL,AUAR,1
AWCL,BDUR,1
AWCL,OLQDL,1
AWCL,PVDR,1
AWCL,PVWR,1
AWCL,RICL,1
AWCL,URXR,1
AWCL,VA4,1
AWCL,VD11,1
AWCL,VD5,1
AWCR,AS10,1
AWCR,ASEL,1
AWCR,AVAL,1
AWCR,BAGR,1
AWCR,DD6,1
AWCR,HSNR,1
AWCR,M3L,1
AWCR,OLQDL,1
AWCR,PHBL,1
AWCR,PVQL,1
AWCR,PVWL,1
AWCR,VB2,1
AWCR,VD5,1
BAGL,ADLL,1
BAGL,ASEL,1
BAGL,ASKR,1
BAGL,AVEL,1
BAGL,DB2,1
BAGL,PHBR,1
BAGL,PVDR,1
BAGL,PVWR,1
BAGL,RIVL,1
BAGL,RMED,1
BAGL,RMGL,1
BAGL,VB11,1
BAGR,ADLL,1
BAGR,ASER,1
BAGR,ASGR,1
BAGR,AUAR,1
BAGR,BDUL,1
BAGR,DD3,1
BAGR,OLQDR,1
BAGR,PHBL,1
BAGR,RICR,1
BAGR,URYVL,1
BAGR,VD13,1
BAGR,VD3,1
BDUL,ADLL,1
BDUL,ADLR,1
BDUL,AIAL,1
BDUL,AIAR,1
BDUL,AIYR,1
BDUL,AIZL,1
BDUL,ASEL,1
BDUL,ASHL,1
BDUL,ASHR,1
BDUL,ASIL,1
BDUL,ASIR,1
BDUL,ASJL,1
BDUL,ASKR,1
BDUL,AVAL,1
BDUL,AVEL,1
BDUL,AVFL,1
BDUL,AVFR,1
BDUL,AWAR,1
BDUL,BAGR,1
BDUL,DB2,1
BDUL,DB3,1
BDUL,DD1,1
BDUL,DD6,1
BDUL,DVA,1
BDUL,FLPR,1
BDUL,I1R,1
BDUL,I2R,1
BDUL,IL2DL,1
BDUL,IL2R,1
BDUL,OLQDL,1
BDUL,PHAL,1
BDUL,PVDL,1
BDUL,PVDR,1
BDUL,PVQL,1
BDUL,RIAL,1
BDUL,RIGR,1
BDUL,RIVL,1
BDUL,RIVR,1
BDUL,RMED,1
BDUL,RMEL,1
BDUL,RMGL,1
BDUL,RMGR,1
BDUL,SDQL,1
BDUL,SDQR,1
BDUL,SMBDL,1
BDUL,URXR,1
BDUL,URYDR,1
BDUL,VA2,1
BDUL,VA3,1
BDUL,VA5,1
BDUL,VB9,1
BDUL,VD11,1
BDUL,VD2,1
BDUR,ADFR,1
BDUR,ALML,1
BDUR,ALMR,1
BDUR,AQR,1
BDUR,AS4,1
BDUR,ASGR,1
BDUR,ASHR,1
BDUR,ASIL,1
BDUR,ASJL,1
BDUR,ASJR,1
BDUR,ASKR,1
BDUR,AVAL,1
BDUR,AVDL,1
BDUR,AVEL,1
BDUR,AVFL,1
BDUR,AVM,1
BDUR,AWAL,1
BDUR,AWBL,1
BDUR,BAGL,1
BDUR,DA2,1
BDUR,DB2,1
BDUR,DB5,1
BDUR,DD3,1
BDUR,DD4,1
BDUR,DD6,1
BDUR,FLPR,1
BDUR,I2L,1
BDUR,IL2L,1
BDUR,IL2VR,1
BDUR,M3L,1
BDUR,OLQDR,1
BDUR,OLQVL,1
BDUR,PHAR,1
BDUR,PVDL,1
BDUR,PVM,1
BDUR,PVQL,1
BDUR,RIAR,1
BDUR,RICL,1
BDUR,RIGL,1
BDUR,RMEL,1
BDUR,SAADL,1
BDUR,SAADR,1
BDUR,SABVL,1
BDUR,SABVR,1
BDUR,SMBDR,1
BDUR,URXR,1
BDUR,VB2,1
BDUR,VD10,1
BDUR,VD12,1
BDUR,VD4,1
BDUR,VD5,1
BDUR,VD7,1
BDUR,VD8,1
DD1,ADFL,1
DD1,ADLL,1
DD1,AIYR,1
DD1,ASER,1
DD1,ASIL,1
DD1,AWAL,1
DD1,AWAR,1
DD1,AWBR,1
DD1,BDUL,1
DD1,DB2,1
DD1,IL2DL,1
DD1,IL2DR,1
DD1,OLLR,1
DD1,OLQVL,1
DD1,PVDL,1
DD1,PVDR,1
DD1,PVM,1
DD1,RIFL,1
DD1,RIFR,1
DD1,RMED,1
DD1,URYDL,1
DD1,VB2,1
DD1,VB9,1
DD1,VD10,1
DD1,VD11,1
DD1,VD13,1
DD1,VD2,1
DD1,VD4,1
DD2,ADFL,1
DD2,AIYR,1
DD2,AQR,1
DD2,AS3,1
DD2,ASJL,1
DD2,AVDL,1
DD2,AVM,1
DD2,AWBL,1
DD2,DVA,1
DD2,I1R,1
DD2,I2R,1
DD2,M3R,1
DD2,OLLL,1
DD2,OLQVL,1
DD2,OLQVR,1
DD2,PVM,1
DD2,PVWL,1
DD2,RIAL,1
DD2,RICR,1
DD2,RIGL,1
DD2,RMEL,1
DD2,RMER,1
DD2,SABVR,1
DD2,SDQR,1
DD2,VD12,1
DD2,VD4,1
DD2,VD5,1
DD2,VD8,1
DD3,ADFR,1
DD3,ADLR,1
DD3,ASER,1
DD3,ASGR,1
DD3,ASKR,1
DD3,AUAL,1
DD3,AWAL,1
DD3,DVA,1
DD3,FLPR,1
DD3,I2R,1
DD3,OLLL,1
DD3,OLQVL,1
DD3,PHBR,1
DD3,PQR,1
DD3,PVM,1
DD3,PVQL,1
DD3,PVWL,1
DD3,RIVL,1
DD3,RIVR,1
DD3,RMEV,1
DD3,RMGL,1
DD3,SAADL,1
DD3,SMBDL,1
DD3,VD12,1
DD3,VD3,1
DD3,VD4,1
DD3,VD5,1
DD3,VD9,1
DD4,ADFL,1
DD4,ADLL,1
DD4,AIYL,1
DD4,AIYR,1
DD4,ASHL,1
DD4,ASHR,1
DD4,ASKR,1
DD4,AVDL,1
DD4,AVEL,1
DD4,AWAL,1
DD4,I1L,1
DD4,I2R,1
DD4,M3R,1
DD4,OLQDR,1
DD4,PHBL,1
DD4,PLMR,1
DD4,PVQR,1
DD4,PVR,1
DD4,RIFL,1
DD4,RIVL,1
DD4,RMED,1
DD4,RMEL,1
DD4,SAADL,1
DD4,SABD,1
DD4,URYVL,1
DD4,URYVR,1
DD4,VA6,1
DD4,VD5,1
DD5,ADLL,1
DD5,ALML,1
DD5,ALMR,1
DD5,ASHL,1
DD5,ASKL,1
DD5,ASKR,1
DD5,AVAR,1
DD5,AVDR,1
DD5,IL2R,1
DD5,M3L,1
DD5,OLQDR,1
DD5,PHAL,1
DD5,PHBL,1
DD5,PLML,1
DD5,PVDR,1
DD5,PVR,1
DD5,RMGL,1
DD5,SAADR,1
DD5,SABVR,1
DD5,SDQR,1
DD5,SMBDL,1
DD5,URYDL,1
DD5,URYDR,1
DD5,URYVR,1
DD5,VB1,1
DD5,VD1,1
DD5,VD3,1
DD5,VD4,1
DD6,ADFR,1
DD6,ADLR,1
DD6,AIAL,1
DD6,AIZR,1
DD6,AQR,1
DD6,AS10,1
DD6,AS3,1
DD6,ASIR,1
DD6,ASKL,1
DD6,ASKR,1
DD6,AVM,1
DD6,BAGR,1
DD6,BDUL,1
DD6,BDUR,1
DD6,FLPL,1
DD6,I2L,1
DD6,IL2DR,1
DD6,OLQDR,1
DD6,OLQVL,1
DD6,PVCL,1
DD6,PVQR,1
DD6,RICL,1
DD6,SAADL,1
DD6,SABVR,1
DD6,URXL,1
DD6,URYVL,1
DD6,VA9,1
DD6,VD11,1
DVA,ADFL,1
DVA,ADFR,1
DVA,AIAR,1
DVA,AIYL,1
DVA,AIYR,1
DVA,AS1,1
DVA,ASER,1
DVA,ASHL,1
DVA,ASIR,1
DVA,ASKL,1
DVA,AUAL,1
DVA,AVAL,1
DVA,AVDR,1
DVA,AVFL,1
DVA,AVFR,1
DVA,AVM,1
DVA,AWAL,1
DVA,BAGL,1
DVA,BAGR,1
DVA,BDUL,1
DVA,BDUR,1
DVA,DB2,1
DVA,DB4,1
DVA,DB6,1
DVA,DB7,1
DVA,DD1,1
DVA,DD3,1
DVA,DD5,1
DVA,HSNL,1
DVA,HSNR,1
DVA,I1L,1
DVA,I2R,1
DVA,IL2DL,1
DVA,IL2DR,1
DVA,IL2L,1
DVA,IL2VR,1
DVA,M3L,1
DVA,M3R,1
DVA,OLLL,1
DVA,OLQDR,1
DVA,OLQVL,1
DVA,PHBR,1
DVA,PLML,1
DVA,PQR,1
DVA,PVCR,1
DVA,PVDL,1
DVA,PVDR,1
DVA,PVQL,1
DVA,PVR,1
DVA,PVWL,1
DVA,PVWR,1
DVA,RICR,1
DVA,RIFL,1
DVA,RIFR,1
DVA,RIGR,1
DVA,RIVL,1
DVA,RMGL,1
DVA,RMGR,1
DVA,SAADR,1
DVA,SABVR,1
DVA,SDQR,1
DVA,SMBDL,1
DVA,SMBDR,1
DVA,VA3,1
DVA,VA4,1
DVA,VD1,1
DVA,VD10,1
DVA,VD11,1
DVA,VD12,1
DVA,VD3,1
DVA,VD7,1
DVA,VD8,1
DVB,DD5,1
DVB,OLQDL,1
DVB,PVCR,1
DVB,PVWR,1
DVB,RIVR,1
FLPL,ADFL,1
FLPL,ADFR,1
FLPL,ADLR,1
FLPL,AIZL,1
FLPL,AIZR,1
FLPL,AQR,1
FLPL,ASER,1
FLPL,ASGR,1
FLPL,ASHL,1
FLPL,ASHR,1
FLPL,ASIL,1
FLPL,ASKL,1
FLPL,AUAL,1
FLPL,AUAR,1
FLPL,AVAL,1
FLPL,AVDL,1
FLPL,AVEL,1
FLPL,AVFR,1
FLPL,AVM,1
FLPL,AWBL,1
FLPL,BAGR,1
FLPL,BDUL,1
FLPL,BDUR,1
FLPL,DA5,1
FLPL,DA7,1
FLPL,DB4,1
FLPL,DB5,1
FLPL,DB7,1
FLPL,DD1,1
FLPL,DD2,1
FLPL,DD3,1
FLPL,DD6,1
FLPL,FLPR,1
FLPL,HSNL,1
FLPL,HSNR,1
FLPL,I1L,1
FLPL,I1R,1
FLPL,I2L,1
FLPL,IL2DR,1
FLPL,IL2R,1
FLPL,IL2VL,1
FLPL,IL2VR,1
FLPL,M3L,1
FLPL,OLLR,1
FLPL,OLQDL,1
FLPL,OLQVR,1
FLPL,PHAL,1
FLPL,PHBL,1
FLPL,PHBR,1
FLPL,PLMR,1
FLPL,PQR,1
FLPL,PVCL,1
FLPL,PVDL,1
FLPL,PVQL,1
FLPL,PVR,1
FLPL,RICL,1
FLPL,RICR,1
FLPL,RIFL,1
FLPL,RIGL,1
FLPL,RIGR,1
FLPL,RMED,1
FLPL,RMEL,1
FLPL,RMER,1
FLPL,RMGL,1
FLPL,RMGR,1
FLPL,SAADR,1
FLPL,SABD,1
FLPL,SABVL,1
FLPL,SDQL,1
FLPL,SDQR,1
FLPL,SMBDL,1
FLPL,SMBDR,1
FLPL,URXL,1
FLPL,URXR,1
FLPL,URYVR,1
FLPL,VA1,1
FLPL,VA10,1
FLPL,VA3,1
FLPL,VA5,1
FLPL,VA9,1
FLPL,VB11,1
FLPL,VB5,1
FLPL,VB8,1
FLPL,VD1,1
FLPL,VD10,1
FLPL,VD11,1
FLPL,VD12,1
FLPL,VD2,1
FLPL,VD3,1
FLPL,VD5,1
FLPL,VD7,1
FLPL,VD8,1
FLPR,ADLR,1
FLPR,AIAL,1
FLPR,AIAR,1
FLPR,ALML,1
FLPR,ALMR,1
FLPR,AS1,1
FLPR,AS10,1
FLPR,AS2,1
FLPR,AS3,1
FLPR,AS6,1
FLPR,AS9,1
FLPR,ASEL,1
FLPR,ASHR,1
FLPR,ASIR,1
FLPR,ASKR,1
FLPR,AUAL,1
FLPR,AUAR,1
FLPR,AVDR,1
FLPR,AVEL,1
FLPR,AVER,1
FLPR,AWAR,1
FLPR,AWBL,1
FLPR,AWBR,1
FLPR,BAGL,1
FLPR,BAGR,1
FLPR,BDUL,1
FLPR,DA3,1
FLPR,DA8,1
FLPR,DB1,1
FLPR,DB2,1
FLPR,DB5,1
FLPR,DB6,1
FLPR,DB7,1
FLPR,DD3,1
FLPR,DD4,1
FLPR,DD6,1
FLPR,FLPL,1
FLPR,HSNL,1
FLPR,HSNR,1
FLPR,I1L,1
FLPR,I1R,1
FLPR,I2R,1
FLPR,IL2DL,1
FLPR,IL2DR,1
FLPR,IL2L,1
FLPR,IL2VL,1
FLPR,IL2VR,1
FLPR,M3L,1
FLPR,M3R,1
FLPR,OLQVL,1
FLPR,OLQVR,1
FLPR,PHAL,1
FLPR,PHAR,1
FLPR,PLML,1
FLPR,PLMR,1
FLPR,PQR,1
FLPR,PVCL,1
FLPR,PVDL,1
FLPR,PVDR,1
FLPR,PVM,1
FLPR,PVR,1
FLPR,PVWL,1
FLPR,RIAR,1
FLPR,RICL,1
FLPR,RICR,1
FLPR,RIFL,1
FLPR,RIGL,1
FLPR,RMED,1
FLPR,RMEL,1
FLPR,RMEV,1
FLPR,RMGL,1
FLPR,SABVL,1
FLPR,SABVR,1
FLPR,SDQR,1
FLPR,URXL,1
FLPR,URXR,1
FLPR,URYDL,1
FLPR,URYDR,1
FLPR,URYVL,1
FLPR,URYVR,1
FLPR,VA1,1
FLPR,VA12,1
FLPR,VA2,1
FLPR,VA6,1
FLPR,VA9,1
FLPR,VB3,1
FLPR,VD11,1
FLPR,VD12,1
FLPR,VD13,1
FLPR,VD2,1
FLPR,VD4,1
FLPR,VD7,1
HSNL,AIZL,1
HSNL,ALML,1
HSNL,I1L,1
HSNL,PVDL,1
HSNR,AVDR,1
HSNR,OLQDR,1
HSNR,SDQR,1
HSNR,VD9,1
I2L,ADLL,1
I2L,ADLR,1
I2L,AIYL,1
I2L,AIZL,1
I2L,AIZR,1
I2L,AS10,1
I2L,AS3,1
I2L,AS9,1
I2L,ASEL,1
I2L,ASKR,1
I2L,AUAL,1
I2L,AVAL,1
I2L,AVFR,1
I2L,BDUL,1
I2L,DB7,1
I2L,DD1,1
I2L,DD3,1
I2L,DD5,1
I2L,DVA,1
I2L,HSNR,1
I2L,I2R,1
I2L,IL2DR,1
I2L,IL2R,1
I2L,OLLL,1
I2L,OLQDL,1
I2L,OLQDR,1
I2L,PHAL,1
I2L,PHAR,1
I2L,PHBL,1
I2L,PQR,1
I2L,PVCR,1
I2L,PVDL,1
I2L,PVWR,1
I2L,RIAL,1
I2L,RICL,1
I2L,RIFL,1
I2L,RIVL,1
I2L,RMER,1
I2L,RMEV,1
I2L,RMGR,1
I2L,SAADL,1
I2L,SMBDL,1
I2L,SMBDR,1
I2L,URYDR,1
I2L,URYVL,1
I2L,URYVR,1
I2L,VA1,1
I2L,VA9,1
I2L,VB8,1
I2L,VD11,1
I2L,VD12,1
I2L,VD2,1
I2L,VD3,1
I2L,VD4,1
I2R,ADFL,1
I2R,ADLL,1
I2R,ASEL,1
I2R,ASER,1
I2R,ASHL,1
I2R,ASJR,1
I2R,ASKL,1
I2R,AUAR,1
I2R,AVAR,1
I2R,AVDL,1
I2R,AVEL,1
I2R,AVFL,1
I2R,AVFR,1
I2R,AWAR,1
I2R,AWBL,1
I2R,AWBR,1
I2R,BDUL,1
I2R,DB2,1
I2R,DB6,1
I2R,DD3,1
I2R,DD4,1
I2R,I1R,1
I2R,I2L,1
I2R,IL2DL,1
I2R,IL2L,1
I2R,OLLL,1
I2R,OLQDL,1
I2R,OLQVL,1
I2R,OLQVR,1
I2R,PHAL,1
I2R,PHBL,1
I2R,PVCR,1
I2R,PVDR,1
I2R,PVQL,1
I2R,RIAL,1
I2R,RIFR,1
I2R,RIVR,1
I2R,SAADL,1
I2R,SAADR,1
I2R,SABVL,1
I2R,SDQR,1
I2R,SMBDL,1
I2R,URXL,1
I2R,URXR,1
I2R,URYDL,1
I2R,VA6,1
I2R,VD11,1
I2R,VD12,1
I2R,VD13,1
I2R,VD2,1
I2R,VD3,1
I2R,VD4,1
I2R,VD6,1
I2R,VD9,1
I4,AS6,1
I4,AWAL,1
I4,IL2VL,1
I4,RIVR,1
I5,ADLL,1
I5,AIYL,1
I5,ASEL,1
I5,ASER,1
I5,AVAR,1
I5,AVDL,1
I5,I2L,1
I5,PHAL,1
I5,PHAR,1
I5,PHBR,1
I5,PLML,1
I5,PVCL,1
I5,RMER,1
I5,SMBDR,1
I5,URXL,1
I5,URYVR,1
I5,VD8,1
I6,AIAR,1
I6,ASJR,1
I6,AWAL,1
I6,DA2,1
I6,PHBR,1
I6,PLMR,1
I6,RMEV,1
I6,URYVR,1
I6,VA12,1
LUAL,ADFL,1
LUAL,AIAL,1
LUAL,AIYL,1
LUAL,ALMR,1
LUAL,AS3,1
LUAL,ASER,1
LUAL,ASHL,1
LUAL,ASKR,1
LUAL,AVDR,1
LUAL,AVER,1
LUAL,AVFR,1
LUAL,BAGR,1
LUAL,BDUR,1
LUAL,DA2,1
LUAL,DB5,1
LUAL,DD3,1
LUAL,HSNL,1
LUAL,IL2DL,1
LUAL,IL2L,1
LUAL,IL2VL,1
LUAL,M3L,1
LUAL,OLQDL,1
LUAL,OLQDR,1
LUAL,OLQVR,1
LUAL,PHBL,1
LUAL,PHBR,1
LUAL,PLMR,1
LUAL,PQR,1
LUAL,PVCL,1
LUAL,PVR,1
LUAL,RIAR,1
LUAL,RICL,1
LUAL,RIFL,1
LUAL,RMED,1
LUAL,RMGR,1
LUAL,SAADR,1
LUAL,SABVL,1
LUAL,SDQR,1
LUAL,SMBDR,1
LUAL,URXR,1
LUAL,VD1,1
LUAL,VD12,1
LUAL,VD13,1
LUAL,VD6,1
LUAR,ADFL,1
LUAR,ADLL,1
LUAR,ADLR,1
LUAR,AIAL,1
LUAR,AIYL,1
LUAR,AS10,1
LUAR,AS3,1
LUAR,ASEL,1
LUAR,ASIR,1
LUAR,ASKR,1
LUAR,AUAR,1
LUAR,AVDR,1
LUAR,AVEL,1
LUAR,AWBR,1
LUAR,BDUR,1
LUAR,DB7,1
LUAR,DD5,1
LUAR,DVA,1
LUAR,FLPL,1
LUAR,HSNR,1
LUAR,I1L,1
LUAR,OLLR,1
LUAR,PHAL,1
LUAR,PHBR,1
LUAR,PQR,1
LUAR,PVCL,1
LUAR,PVWL,1
LUAR,RIAR,1
LUAR,RICR,1
LUAR,RIFR,1
LUAR,RIGR,1
LUAR,RIVR,1
LUAR,RMED,1
LUAR,RMGR,1
LUAR,SABD,1
LUAR,SDQR,1
LUAR,SMBDL,1
LUAR,SMBDR,1
LUAR,URYDR,1
LUAR,VD1,1
LUAR,VD13,1
LUAR,VD7,1
LUAR,VD8,1
LUAR,VD9,1
M2L,ADLL,1
M2L,ADLR,1
M2L,AIAL,1
M2L,AIAR,1
M2L,AIYL,1
M2L,AIYR,1
M2L,AIZL,1
M2L,ALML,1
M2L,AQR,1
M2L,AS10,1
M2L,AS4,1
M2L,ASEL,1
M2L,ASGL,1
M2L,ASGR,1
M2L,ASHL,1
M2L,ASIR,1
M2L,ASKL,1
M2L,AUAL,1
M2L,AUAR,1
M2L,AVAL,1
M2L,AVDR,1
M2L,AVEL,1
M2L,AVER,1
M2L,AVFR,1
M2L,AWAL,1
M2L,AWAR,1
M2L,AWBR,1
M2L,BAGL,1
M2L,BDUL,1
M2L,BDUR,1
M2L,DA2,1
M2L,DB4,1
M2L,DB5,1
M2L,DD3,1
M2L,DD4,1
M2L,HSNR,1
M2L,I1L,1
M2L,I1R,1
M2L,IL2DL,1
M2L,IL2L,1
M2L,IL2VL,1
M2L,M3L,1
M2L,M3R,1
M2L,OLLL,1
M2L,OLLR,1
M2L,OLQDR,1
M2L,PHAL,1
M2L,PHAR,1
M2L,PHBL,1
M2L,PHBR,1
M2L,PLML,1
M2L,PLMR,1
M2L,PQR,1
M2L,PVCL,1
M2L,PVCR,1
M2L,PVDL,1
M2L,PVM,1
M2L,PVQL,1
M2L,PVR,1
M2L,PVWL,1
M2L,PVWR,1
M2L,RICL,1
M2L,RICR,1
M2L,RIFL,1
M2L,RIFR,1
M2L,RIGR,1
M2L,RIVL,1
M2L,RIVR,1
M2L,RMED,1
M2L,RMEL,1
M2L,RMER,1
M2L,RMEV,1
M2L,SAADL,1
M2L,SABD,1
M2L,SDQL,1
M2L,SDQR,1
M2L,URXL,1
M2L,URXR,1
M2L,URYDL,1
M2L,URYVR,1
M2L,VA12,1
M2L,VA8,1
M2L,VB8,1
M2L,VD10,1
M2L,VD11,1
M2L,VD12,1
M2L,VD13,1
M2L,VD2,1
M2L,VD3,1
M2L,VD4,1
M2L,VD6,1
M2L,VD8,1
M2R,ADLL,1
M2R,ADLR,1
M2R,AIAL,1
M2R,AIAR,1
M2R,AIYL,1
M2R,AIYR,1
M2R,AIZL,1
M2R,AS1,1
M2R,ASEL,1
M2R,ASGL,1
M2R,ASHL,1
M2R,ASHR,1
M2R,ASIR,1
M2R,ASJL,1
M2R,ASJR,1
M2R,ASKL,1
M2R,ASKR,1
M2R,AUAL,1
M2R,AVAR,1
M2R,AVDL,1
M2R,AVFL,1
M2R,AVFR,1
M2R,AVM,1
M2R,AWAL,1
M2R,AWBR,1
M2R,BAGL,1
M2R,BDUR,1
M2R,DA4,1
M2R,DB4,1
M2R,DB5,1
M2R,DB7,1
M2R,DD1,1
M2R,DD3,1
M2R,DD6,1
M2R,DVA,1
M2R,FLPL,1
M2R,FLPR,1
M2R,HSNL,1
M2R,HSNR,1
M2R,I1L,1
M2R,I1R,1
M2R,I2L,1
M2R,IL2DL,1
M2R,IL2DR,1
M2R,IL2VL,1
M2R,M3L,1
M2R,OLLL,1
M2R,OLLR,1
M2R,OLQDL,1
M2R,OLQVL,1
M2R,PHAL,1
M2R,PHAR,1
M2R,PHBL,1
M2R,PHBR,1
M2R,PLML,1
M2R,PLMR,1
M2R,PQR,1
M2R,PVCL,1
M2R,PVCR,1
M2R,PVDL,1
M2R,PVDR,1
M2R,PVQR,1
M2R,PVWL,1
M2R,RICL,1
M2R,RICR,1
M2R,RIGR,1
M2R,RIVL,1
M2R,RMED,1
M2R,RMEL,1
M2R,RMER,1
M2R,RMEV,1
M2R,RMGL,1
M2R,RMGR,1
M2R,SAADL,1
M2R,SAADR,1
M2R,SABD,1
M2R,SABVL,1
M2R,SMBDL,1
M2R,URXL,1
M2R,URYDL,1
M2R,URYDR,1
M2R,URYVR,1
M2R,VA3,1
M2R,VA8,1
M2R,VB4,1
M2R,VB9,1
M2R,VD10,1
M2R,VD11,1
M2R,VD12,1
M2R,VD2,1
M2R,VD8,1
M2R,VD9,1
M3L,ADFR,1
M3L,ADLL,1
M3L,ADLR,1
M3L,AIAL,1
M3L,AIAR,1
M3L,AIYR,1
M3L,AIZL,1
M3L,ALML,1
M3L,AS1,1
M3L,AS10,1
M3L,AS6,1
M3L,AS9,1
M3L,ASEL,1
M3L,ASGR,1
M3L,ASHL,1
M3L,ASIL,1
M3L,ASIR,1
M3L,ASJL,1
M3L,ASJR,1
M3L,AUAL,1
M3L,AVDL,1
M3L,AVEL,1
M3L,AVER,1
M3L,AVFL,1
M3L,AVFR,1
M3L,AVM,1
M3L,AWAL,1
M3L,AWAR,1
M3L,BAGR,1
M3L,BDUL,1
M3L,DA9,1
M3L,DB2,1
M3L,DB3,1
M3L,DB4,1
M3L,DB5,1
M3L,DB6,1
M3L,DD1,1
M3L,DD2,1
M3L,DD6,1
M3L,DVA,1
M3L,I1R,1
M3L,I2R,1
M3L,IL2L,1
M3L,IL2VL,1
M3L,M3R,1
M3L,OLLL,1
M3L,OLQDL,1
M3L,OLQVL,1
M3L,OLQVR,1
M3L,PHAR,1
M3L,PHBR,1
M3L,PLML,1
M3L,PQR,1
M3L,PVCL,1
M3L,PVCR,1
M3L,PVQL,1
M3L,PVR,1
M3L,PVWL,1
M3L,PVWR,1
M3L,RIFR,1
M3L,RIGR,1
M3L,RIVR,1
M3L,RMED,1
M3L,RMEL,1
M3L,RMER,1
M3L,RMGL,1
M3L,SAADR,1
M3L,SABD,1
M3L,SDQR,1
M3L,URXR,1
M3L,URYDL,1
M3L,VA1,1
M3L,VA10,1
M3L,VA4,1
M3L,VA6,1
M3L,VA9,1
M3L,VB11,1
M3L,VB5,1
M3L,VB7,1
M3L,VD1,1
M3L,VD10,1
M3L,VD11,1
M3L,VD12,1
M3L,VD13,1
M3L,VD4,1
M3L,VD5,1
M3L,VD6,1
M3L,VD7,1
M3L,VD9,1
M3R,ADFR,1
M3R,ADLR,1
M3R,AIAL,1
M3R,AIYL,1
M3R,AIZL,1
M3R,ALML,1
M3R,AS1,1
M3R,AS10,1
M3R,AS6,1
M3R,ASER,1
M3R,ASHR,1
M3R,ASIL,1
M3R,ASIR,1
M3R,ASJR,1
M3R,ASKL,1
M3R,ASKR,1
M3R,AUAR,1
M3R,AVAL,1
M3R,AVAR,1
M3R,AVEL,1
M3R,AVER,1
M3R,AVFR,1
M3R,AVM,1
M3R,AWAL,1
M3R,AWAR,1
M3R,AWBL,1
M3R,AWBR,1
M3R,BDUL,1
M3R,DA9,1
M3R,DB5,1
M3R,DB6,1
M3R,DD6,1
M3R,FLPL,1
M3R,FLPR,1
M3R,HSNR,1
M3R,I1L,1
M3R,I2R,1
M3R,IL2DL,1
M3R,IL2R,1
M3R,IL2VR,1
M3R,M3L,1
M3R,OLLR,1
M3R,OLQDR,1
M3R,OLQVL,1
M3R,OLQVR,1
M3R,PHAL,1
M3R,PHAR,1
M3R,PHBL,1
M3R,PHBR,1
M3R,PLML,1
M3R,PLMR,1
M3R,PVCR,1
M3R,PVDL,1
M3R,PVQR,1
M3R,PVR,1
M3R,PVWL,1
M3R,PVWR,1
M3R,RIAL,1
M3R,RIAR,1
M3R,RICL,1
M3R,RIFR,1
M3R,RIGR,1
M3R,RMEL,1
M3R,RMER,1
M3R,RMEV,1
M3R,RMGL,1
M3R,SAADL,1
M3R,SAADR,1
M3R,SABD,1
M3R,SABVL,1
M3R,SABVR,1
M3R,SDQR,1
M3R,SMBDL,1
M3R,SMBDR,1
M3R,URYDL,1
M3R,URYDR,1
M3R,URYVL,1
M3R,VA6,1
M3R,VA9,1
M3R,VB2,1
M3R,VD10,1
M3R,VD12,1
M3R,VD13,1
M3R,VD2,1
M3R,VD5,1
M3R,VD6,1
M3R,VD7,1
M3R,VD8,1
M3R,VD9,1
M4,ADLL,1
M4,ADLR,1
M4,AIZL,1
M4,ALML,1
M4,ALMR,1
M4,AQR,1
M4,AS4,1
M4,ASGL,1
M4,ASHL,1
M4,ASIL,1
M4,ASIR,1
M4,ASKL,1
M4,ASKR,1
M4,AVAL,1
M4,AVDL,1
M4,AVDR,1
M4,AVEL,1
M4,AVFL,1
M4,AVFR,1
M4,AVM,1
M4,AWAL,1
M4,AWAR,1
M4,AWBR,1
M4,BAGL,1
M4,BDUL,1
M4,BDUR,1
M4,DA4,1
M4,DB6,1
M4,DD2,1
M4,DD6,1
M4,FLPR,1
M4,I1L,1
M4,I1R,1
M4,I2L,1
M4,I2R,1
M4,IL2DL,1
M4,IL2L,1
M4,IL2R,1
M4,M3R,1
M4,OLLL,1
M4,OLQDR,1
M4,OLQVL,1
M4,OLQVR,1
M4,PHAL,1
M4,PHAR,1
M4,PHBL,1
M4,PHBR,1
M4,PLML,1
M4,PVCL,1
M4,PVCR,1
M4,PVDL,1
M4,PVDR,1
M4,PVR,1
M4,PVWL,1
M4,RIAL,1
M4,RIAR,1
M4,RICL,1
M4,RICR,1
M4,RIFL,1
M4,RIFR,1
M4,RIGL,1
M4,RIGR,1
M4,RIVL,1
M4,RIVR,1
M4,RMED,1
M4,RMEL,1
M4,RMER,1
M4,RMEV,1
M4,RMGL,1
M4,SAADL,1
M4,SAADR,1
M4,SABVR,1
M4,SDQL,1
M4,SDQR,1
M4,SMBDR,1
M4,URXL,1
M4,URYDL,1
M4,URYDR,1
M4,URYVR,1
M4,VD1,1
M4,VD10,1
M4,VD12,1
M4,VD13,1
M4,VD2,1
M4,VD4,1
M4,VD8,1
M5,AIZR,1
M5,ASEL,1
M5,ASGL,1
M5,ASHR,1
M5,ASIL,1
M5,ASIR,1
M5,AVDL,1
M5,AVDR,1
M5,AVM,1
M5,AWBL,1
M5,AWBR,1
M5,DB2,1
M5,DD2,1
M5,DD6,1
M5,FLPL,1
M5,FLPR,1
M5,I1L,1
M5,IL2VR,1
M5,OLQDR,1
M5,OLQVR,1
M5,PHAR,1
M5,PHBL,1
M5,PHBR,1
M5,PLML,1
M5,PVR,1
M5,RIAR,1
M5,RICL,1
M5,RIFL,1
M5,RIFR,1
M5,RIGL,1
M5,RMEL,1
M5,SABVL,1
M5,SABVR,1
M5,SDQR,1
M5,SMBDR,1
M5,URXL,1
M5,URYVL,1
M5,URYVR,1
M5,VD1,1
M5,VD10,1
M5,VD4,1
M5,VD7,1
MCL,ADLR,1
MCL,AIAL,1
MCL,AIYL,1
MCL,AIYR,1
MCL,AIZL,1
MCL,ALML,1
MCL,AQR,1
MCL,AS8,1
MCL,AS9,1
MCL,ASGL,1
MCL,ASHL,1
MCL,ASHR,1
MCL,ASIR,1
MCL,ASKL,1
MCL,AUAL,1
MCL,AUAR,1
MCL,AVAL,1
MCL,AVAR,1
MCL,AVDL,1
MCL,AVDR,1
MCL,AVFL,1
MCL,AVFR,1
MCL,AVM,1
MCL,AWAL,1
MCL,AWAR,1
MCL,AWBL,1
MCL,AWBR,1
MCL,BAGL,1
MCL,BAGR,1
MCL,BDUL,1
MCL,BDUR,1
MCL,DB5,1
MCL,DD2,1
MCL,DD4,1
MCL,DVA,1
MCL,FLPR,1
MCL,I1R,1
MCL,I2L,1
MCL,IL2DL,1
MCL,IL2DR,1
MCL,IL2L,1
MCL,IL2R,1
MCL,IL2VL,1
MCL,M3L,1
MCL,M3R,1
MCL,OLLL,1
MCL,OLQDL,1
MCL,OLQDR,1
MCL,PHAL,1
MCL,PHBR,1
MCL,PLML,1
MCL,PLMR,1
MCL,PVCL,1
MCL,PVCR,1
MCL,PVM,1
MCL,PVQL,1
MCL,PVQR,1
MCL,PVR,1
MCL,PVWL,1
MCL,PVWR,1
MCL,RIAR,1
MCL,RICL,1
MCL,RICR,1
MCL,RIFL,1
MCL,RIFR,1
MCL,RIGL,1
MCL,RIGR,1
MCL,RMED,1
MCL,RMEL,1
MCL,RMER,1
MCL,RMGR,1
MCL,SAADL,1
MCL,SABD,1
MCL,SABVR,1
MCL,SMBDL,1
MCL,URXL,1
MCL,URXR,1
MCL,URYVL,1
MCL,VA11,1
MCL,VB9,1
MCL,VD11,1
MCL,VD12,1
MCL,VD13,1
MCL,VD4,1
MCL,VD5,1
MCL,VD7,1
MCR,ADFL,1
MCR,ADLL,1
MCR,AIAL,1
MCR,AIAR,1
MCR,AIYL,1
MCR,AIZL,1
MCR,ALML,1
MCR,ALMR,1
MCR,AQR,1
MCR,ASEL,1
MCR,ASER,1
MCR,ASGL,1
MCR,ASHL,1
MCR,ASHR,1
MCR,ASIL,1
MCR,ASIR,1
MCR,ASJR,1
MCR,ASKL,1
MCR,AUAR,1
MCR,AVAL,1
MCR,AVAR,1
MCR,AVDL,1
MCR,AVDR,1
MCR,AVFL,1
MCR,AVFR,1
MCR,AVM,1
MCR,AWAL,1
MCR,BAGL,1
MCR,BAGR,1
MCR,BDUL,1
MCR,BDUR,1
MCR,DB2,1
MCR,DB6,1
MCR,DD6,1
MCR,DVA,1
MCR,FLPR,1
MCR,I1L,1
MCR,I1R,1
MCR,I2L,1
MCR,I2R,1
MCR,IL2DL,1
MCR,IL2DR,1
MCR,IL2L,1
MCR,IL2VL,1
MCR,M3L,1
MCR,OLLL,1
MCR,OLLR,1
MCR,OLQVR,1
MCR,PHAR,1
MCR,PHBL,1
MCR,PHBR,1
MCR,PLML,1
MCR,PQR,1
MCR,PVCL,1
MCR,PVDR,1
MCR,PVM,1
MCR,PVQL,1
MCR,PVQR,1
MCR,PVWL,1
MCR,PVWR,1
MCR,RIAL,1
MCR,RICL,1
MCR,RIFL,1
MCR,RIFR,1
MCR,RIVL,1
MCR,RMED,1
MCR,RMER,1
MCR,RMGR,1
MCR,SAADL,1
MCR,SABVR,1
MCR,SMBDL,1
MCR,URXL,1
MCR,URXR,1
MCR,URYDL,1
MCR,URYDR,1
MCR,URYVL,1
MCR,URYVR,1
MCR,VA4,1
MCR,VA7,1
MCR,VD12,1
MCR,VD13,1
MCR,VD2,1
MCR,VD3,1
MCR,VD5,1
MCR,VD8,1
MCR,VD9,1
NSML,ADFL,1
NSML,AIAR,1
NSML,AIZR,1
NSML,AQR,1
NSML,ASHL,1
NSML,ASJL,1
NSML,ASJR,1
NSML,AVM,1
NSML,BDUR,1
NSML,HSNL,1
NSML,HSNR,1
NSML,I1L,1
NSML,I2R,1
NSML,IL2R,1
NSML,OLQDL,1
NSML,OLQVL,1
NSML,PHBR,1
NSML,PLML,1
NSML,RMED,1
NSML,SMBDR,1
NSML,URXL,1
NSML,URYDL,1
NSML,URYVL,1
NSML,VD12,1
NSML,VD3,1
NSML,VD9,1
NSMR,ADFL,1
NSMR,AIYL,1
NSMR,ALMR,1
NSMR,AQR,1
NSMR,ASGR,1
NSMR,ASHR,1
NSMR,ASIL,1
NSMR,ASIR,1
NSMR,BAGL,1
NSMR,I1L,1
NSMR,PHAL,1
NSMR,PHBR,1
NSMR,PVCR,1
NSMR,PVM,1
NSMR,PVWL,1
NSMR,RIAL,1
NSMR,RIAR,1
NSMR,RICR,1
NSMR,RMEL,1
NSMR,RMER,1
NSMR,SDQL,1
NSMR,SDQR,1
NSMR,VD1,1
NSMR,VD10,1
NSMR,VD6,1
NSMR,VD8,1
PHAL,ADFL,1
PHAL,ADFR,1
PHAL,ADLL,1
PHAL,AIAL,1
PHAL,AIAR,1
PHAL,AIYL,1
PHAL,AIYR,1
PHAL,AIZL,1
PHAL,ALML,1
PHAL,AQR,1
PHAL,AS4,1
PHAL,AS7,1
PHAL,ASGL,1
PHAL,ASGR,1
PHAL,ASHL,1
PHAL,ASIR,1
PHAL,ASJL,1
PHAL,ASJR,1
PHAL,ASKR,1
PHAL,AUAL,1
PHAL,AVAR,1
PHAL,AVDL,1
PHAL,AVDR,1
PHAL,AVFL,1
PHAL,AVFR,1
PHAL,AWAR,1
PHAL,AWBL,1
PHAL,AWBR,1
PHAL,BDUL,1
PHAL,DA7,1
PHAL,DB4,1
PHAL,DD1,1
PHAL,DD2,1
PHAL,DD3,1
PHAL,DD5,1
PHAL,FLPR,1
PHAL,HSNR,1
PHAL,I1L,1
PHAL,I2L,1
PHAL,I2R,1
PHAL,IL2DL,1
PHAL,IL2L,1
PHAL,IL2R,1
PHAL,IL2VL,1
PHAL,IL2VR,1
PHAL,M3L,1
PHAL,OLLL,1
PHAL,OLLR,1
PHAL,OLQDL,1
PHAL,OLQDR,1
PHAL,OLQVL,1
PHAL,OLQVR,1
PHAL,PHBL,1
PHAL,PHBR,1
PHAL,PLMR,1
PHAL,PQR,1
PHAL,PVCL,1
PHAL,PVCR,1
PHAL,PVDL,1
PHAL,PVDR,1
PHAL,PVQR,1
PHAL,PVWL,1
PHAL,RIAL,1
PHAL,RIAR,1
PHAL,RICL,1
PHAL,RIGL,1
PHAL,RIGR,1
PHAL,RIVL,1
PHAL,RIVR,1
PHAL,RMED,1
PHAL,RMEL,1
PHAL,RMER,1
PHAL,RMEV,1
PHAL,SAADL,1
PHAL,SAADR,1
PHAL,SABD,1
PHAL,SABVL,1
PHAL,SDQL,1
PHAL,SDQR,1
PHAL,SMBDL,1
PHAL,SMBDR,1
PHAL,URXL,1
PHAL,URYDL,1
PHAL,URYDR,1
PHAL,VA1,1
PHAL,VA3,1
PHAL,VA4,1
PHAL,VA6,1
PHAL,VA9,1
PHAL,VB1,1
PHAL,VD1,1
PHAL,VD10,1
PHAL,VD11,1
PHAL,VD13,1
PHAL,VD3,1
PHAL,VD4,1
PHAL,VD5,1
PHAL,VD6,1
PHAL,VD7,1
PHAL,VD8,1
PHAL,VD9,1
PHAR,ADFL,1
PHAR,ADFR,1
PHAR,AIAL,1
PHAR,AIAR,1
PHAR,AIYL,1
PHAR,AIZL,1
PHAR,AIZR,1
PHAR,ALMR,1
PHAR,AQR,1
PHAR,AS10,1
PHAR,AS3,1
PHAR,AS6,1
PHAR,AS7,1
PHAR,AS9,1
PHAR,ASEL,1
PHAR,ASER,1
PHAR,ASGL,1
PHAR,ASGR,1
PHAR,ASHL,1
PHAR,ASHR,1
PHAR,ASIL,1
PHAR,ASKL,1
PHAR,AUAL,1
PHAR,AUAR,1
PHAR,AVAL,1
PHAR,AVAR,1
PHAR,AVDR,1
PHAR,AVEL,1
PHAR,AVER,1
PHAR,AVFR,1
PHAR,AVM,1
PHAR,AWAL,1
PHAR,AWAR,1
PHAR,AWBR,1
PHAR,BAGR,1
PHAR,BDUL,1
PHAR,DA2,1
PHAR,DB2,1
PHAR,DB6,1
PHAR,DB7,1
PHAR,DD2,1
PHAR,DD3,1
PHAR,DD5,1
PHAR,DD6,1
PHAR,DVA,1
PHAR,FLPR,1
PHAR,HSNL,1
PHAR,I1L,1
PHAR,I1R,1
PHAR,I2L,1
PHAR,IL2DL,1
PHAR,IL2DR,1
PHAR,IL2R,1
PHAR,IL2VR,1
PHAR,M3R,1
PHAR,OLLL,1
PHAR,OLLR,1
PHAR,OLQDL,1
PHAR,OLQVL,1
PHAR,OLQVR,1
PHAR,PHBR,1
PHAR,PLML,1
PHAR,PVDL,1
PHAR,PVDR,1
PHAR,PVM,1
PHAR,PVQL,1
PHAR,PVQR,1
PHAR,PVR,1
PHAR,PVWL,1
PHAR,PVWR,1
PHAR,RIAR,1
PHAR,RICL,1
PHAR,RICR,1
PHAR,RIGL,1
PHAR,RIGR,1
PHAR,RIVL,1
PHAR,RIVR,1
PHAR,RMER,1
PHAR,RMEV,1
PHAR,SABVR,1
PHAR,SDQL,1
PHAR,SDQR,1
PHAR,URXR,1
PHAR,URYDL,1
PHAR,URYVR,1
PHAR,VA5,1
PHAR,VA9,1
PHAR,VB1,1
PHAR,VB11,1
PHAR,VB2,1
PHAR,VB3,1
PHAR,VD1,1
PHAR,VD10,1
PHAR,VD12,1
PHAR,VD13,1
PHAR,VD2,1
PHAR,VD3,1
PHAR,VD5,1
PHAR,VD6,1
PHAR,VD7,1
PHAR,VD9,1
PHBL,ADFR,1
PHBL,ADLL,1
PHBL,AIAR,1
PHBL,AIYL,1
PHBL,AIZL,1
PHBL,ALMR,1
PHBL,AS1,1
PHBL,ASEL,1
PHBL,ASER,1
PHBL,ASGR,1
PHBL,ASJL,1
PHBL,ASKR,1
PHBL,AUAL,1
PHBL,AVDL,1
PHBL,AVDR,1
PHBL,AVFL,1
PHBL,AVFR,1
PHBL,AWBL,1
PHBL,BAGR,1
PHBL,BDUL,1
PHBL,DA2,1
PHBL,DB3,1
PHBL,DB6,1
PHBL,DB7,1
PHBL,DD1,1
PHBL,DD3,1
PHBL,DD5,1
PHBL,DD6,1
PHBL,FLPR,1
PHBL,I2R,1
PHBL,IL2DL,1
PHBL,IL2R,1
PHBL,OLQDL,1
PHBL,OLQVR,1
PHBL,PHAL,1
PHBL,PHBR,1
PHBL,PVDL,1
PHBL,PVWR,1
PHBL,RIFR,1
PHBL,RIVL,1
PHBL,RIVR,1
PHBL,RMER,1
PHBL,RMGL,1
PHBL,RMGR,1
PHBL,SABVL,1
PHBL,SMBDL,1
PHBL,SMBDR,1
PHBL,VA1,1
PHBL,VA4,1
PHBL,VA6,1
PHBL,VB2,1
PHBL,VB5,1
PHBL,VB6,1
PHBL,VD1,1
PHBL,VD11,1
PHBL,VD8,1
PHBR,ADFL,1
PHBR,ADFR,1
PHBR,AIAL,1
PHBR,AIAR,1
PHBR,AIZL,1
PHBR,ALMR,1
PHBR,AQR,1
PHBR,ASIR,1
PHBR,ASJR,1
PHBR,ASKL,1
PHBR,ASKR,1
PHBR,AVEL,1
PHBR,AVM,1
PHBR,AWAR,1
PHBR,BAGL,1
PHBR,DA1,1
PHBR,DA7,1
PHBR,DD1,1
PHBR,DVA,1
PHBR,FLPR,1
PHBR,HSNL,1
PHBR,HSNR,1
PHBR,I1R,1
PHBR,IL2DL,1
PHBR,IL2R,1
PHBR,IL2VR,1
PHBR,M3L,1
PHBR,OLLL,1
PHBR,OLQDL,1
PHBR,OLQVL,1
PHBR,OLQVR,1
PHBR,PHAL,1
PHBR,PHBL,1
PHBR,PQR,1
PHBR,PVCL,1
PHBR,PVCR,1
PHBR,PVDR,1
PHBR,PVM,1
PHBR,PVQL,1
PHBR,RIAL,1
PHBR,RICR,1
PHBR,RIFL,1
PHBR,RIGR,1
PHBR,RIVL,1
PHBR,RMER,1
PHBR,RMGL,1
PHBR,SAADL,1
PHBR,SABVR,1
PHBR,SDQR,1
PHBR,SMBDL,1
PHBR,SMBDR,1
PHBR,VB1,1
PHBR,VD2,1
PHBR,VD3,1
PHBR,VD7,1
PHBR,VD8,1
PQR,ADFL,1
PQR,ADLL,1
PQR,AIAL,1
PQR,AIYR,1
PQR,AIZL,1
PQR,AIZR,1
PQR,AQR,1
PQR,AS11,1
PQR,AS3,1
PQR,ASEL,1
PQR,ASGR,1
PQR,ASIL,1
PQR,ASKL,1
PQR,AUAL,1
PQR,AVEL,1
PQR,AVER,1
PQR,AVFL,1
PQR,BAGL,1
PQR,DA3,1
PQR,DB4,1
PQR,DB6,1
PQR,DD5,1
PQR,DVA,1
PQR,FLPR,1
PQR,HSNR,1
PQR,IL2L,1
PQR,IL2VR,1
PQR,OLLL,1
PQR,PHAL,1
PQR,PHAR,1
PQR,PHBL,1
PQR,PVCR,1
PQR,PVDR,1
PQR,PVWL,1
PQR,RIGR,1
PQR,RMED,1
PQR,RMEL,1
PQR,RMGR,1
PQR,SABVL,1
PQR,SMBDL,1
PQR,SMBDR,1
PQR,URXR,1
PQR,URYDR,1
PQR,URYVR,1
PQR,VA3,1
PQR,VB1,1
PQR,VD1,1
PQR,VD11,1
PQR,VD5,1
PVDL,ADLR,1
PVDL,AIAL,1
PVDL,AIZL,1
PVDL,AS4,1
PVDL,AUAL,1
PVDL,PVWL,1
PVDL,RIGR,1
PVDL,SAADL,1
PVDL,VD13,1
PVDR,ALMR,1
PVDR,ASEL,1
PVDR,AVDR,1
PVDR,DB3,1
PVDR,DVA,1
PVDR,I2L,1
PVDR,OLQVL,1
PVDR,RMED,1
PVDR,VD9,1
PVNL,ADFL,1
PVNL,ADFR,1
PVNL,ADLL,1
PVNL,ADLR,1
PVNL,AIZR,1
PVNL,ALML,1
PVNL,AS4,1
PVNL,AS9,1
PVNL,ASEL,1
PVNL,ASGR,1
PVNL,ASHR,1
PVNL,ASJL,1
PVNL,ASKL,1
PVNL,AVDR,1
PVNL,AWBR,1
PVNL,DA7,1
PVNL,DB4,1
PVNL,DD3,1
PVNL,DVA,1
PVNL,I1R,1
PVNL,I2R,1
PVNL,IL2L,1
PVNL,IL2VL,1
PVNL,M3L,1
PVNL,OLLL,1
PVNL,OLQDR,1
PVNL,OLQVR,1
PVNL,PHAL,1
PVNL,PLML,1
PVNL,PQR,1
PVNL,PVWR,1
PVNL,RICR,1
PVNL,RIFR,1
PVNL,SDQR,1
PVNL,SMBDR,1
PVNL,URXL,1
PVNL,URXR,1
PVNL,URYDL,1
PVNL,VA9,1
PVNL,VB3,1
PVNL,VB7,1
PVNL,VD12,1
PVNL,VD4,1
PVNL,VD8,1
PVNR,ADFL,1
PVNR,ADFR,1
PVNR,ADLR,1
PVNR,AIZL,1
PVNR,ALMR,1
PVNR,AS6,1
PVNR,ASER,1
PVNR,ASGL,1
PVNR,ASJR,1
PVNR,AVDL,1
PVNR,AVDR,1
PVNR,BDUL,1
PVNR,DB2,1
PVNR,DD1,1
PVNR,DD3,1
PVNR,DD4,1
PVNR,DVA,1
PVNR,HSNR,1
PVNR,I1L,1
PVNR,I1R,1
PVNR,I2L,1
PVNR,IL2L,1
PVNR,IL2VR,1
PVNR,M3R,1
PVNR,OLQDL,1
PVNR,PHAR,1
PVNR,PHBL,1
PVNR,PHBR,1
PVNR,PVM,1
PVNR,PVQL,1
PVNR,PVR,1
PVNR,RIAR,1
PVNR,RICR,1
PVNR,RIGL,1
PVNR,RIVR,1
PVNR,RMER,1
PVNR,SDQL,1
PVNR,SMBDR,1
PVNR,URXR,1
PVNR,VB6,1
PVNR,VD10,1
PVNR,VD12,1
PVNR,VD7,1
PVNR,VD9,1
PVPL,ADFR,1
PVPL,ADLR,1
PVPL,AIAL,1
PVPL,AIAR,1
PVPL,AIYL,1
PVPL,ASGR,1
PVPL,ASHL,1
PVPL,ASIR,1
PVPL,ASJL,1
PVPL,AUAL,1
PVPL,AUAR,1
PVPL,AVDL,1
PVPL,AVDR,1
PVPL,BAGR,1
PVPL,DA1,1
PVPL,DA8,1
PVPL,DB2,1
PVPL,FLPL,1
PVPL,HSNL,1
PVPL,HSNR,1
PVPL,IL2DL,1
PVPL,IL2DR,1
PVPL,M3L,1
PVPL,OLQVR,1
PVPL,PHAL,1
PVPL,PHBL,1
PVPL,PLMR,1
PVPL,PQR,1
PVPL,PVCL,1
PVPL,PVQL,1
PVPL,PVQR,1
PVPL,RICR,1
PVPL,RIFL,1
PVPL,RIFR,1
PVPL,RIGR,1
PVPL,RIVL,1
PVPL,RMGL,1
PVPL,URXR,1
PVPL,VD11,1
PVPL,VD12,1
PVPL,VD13,1
PVPL,VD3,1
PVPL,VD6,1
PVPL,VD8,1
PVPR,ADFL,1
PVPR,AIAR,1
PVPR,AIYL,1
PVPR,AS7,1
PVPR,ASGR,1
PVPR,ASIR,1
PVPR,ASJR,1
PVPR,BAGR,1
PVPR,BDUR,1
PVPR,DB3,1
PVPR,DB7,1
PVPR,HSNR,1
PVPR,IL2VL,1
PVPR,OLLR,1
PVPR,OLQDL,1
PVPR,PHAL,1
PVPR,PHAR,1
PVPR,PHBL,1
PVPR,PLML,1
PVPR,PVCR,1
PVPR,PVDR,1
PVPR,PVM,1
PVPR,PVQL,1
PVPR,PVQR,1
PVPR,PVR,1
PVPR,PVWL,1
PVPR,RIFL,1
PVPR,RIFR,1
PVPR,RIGL,1
PVPR,RIVL,1
PVPR,RIVR,1
PVPR,RMEV,1
PVPR,RMGL,1
PVPR,SAADL,1
PVPR,SDQR,1
PVPR,SMBDL,1
PVPR,URXR,1
PVPR,URYDL,1
PVPR,URYDR,1
PVPR,URYVL,1
PVPR,VD1,1
PVPR,VD4,1
PVPR,VD7,1
PVPR,VD9,1
PVR,ADLR,1
PVR,AS10,1
PVR,ASJL,1
PVR,PHBL,1
PVR,VD5,1
PVT,ADFL,1
PVT,ADFR,1
PVT,AIAL,1
PVT,AIYL,1
PVT,ASIL,1
PVT,ASIR,1
PVT,ASJR,1
PVT,ASKL,1
PVT,ASKR,1
PVT,AUAL,1
PVT,AVAR,1
PVT,AVFR,1
PVT,AWAR,1
PVT,BDUL,1
PVT,DD2,1
PVT,DD3,1
PVT,DD4,1
PVT,DVA,1
PVT,FLPL,1
PVT,HSNL,1
PVT,HSNR,1
PVT,I1L,1
PVT,I1R,1
PVT,IL2DR,1
PVT,OLLR,1
PVT,OLQDR,1
PVT,PHAL,1
PVT,PHAR,1
PVT,PLML,1
PVT,PQR,1
PVT,PVM,1
PVT,PVR,1
PVT,PVWR,1
PVT,RIGL,1
PVT,RIGR,1
PVT,RIVL,1
PVT,RMED,1
PVT,RMEL,1
PVT,SABVL,1
PVT,SDQL,1
PVT,URXL,1
PVT,URXR,1
PVT,VB10,1
PVT,VD12,1
PVT,VD3,1
PVT,VD5,1
PVT,VD8,1
PVT,VD9,1
RICL,ADLR,1
RICL,AVAL,1
RICL,AVDR,1
RICL,AWAR,1
RICL,DB2,1
RICL,DB5,1
RICL,DB7,1
RICL,DD4,1
RICL,IL2DR,1
RICL,IL2VL,1
RICL,IL2VR,1
RICL,OLQDL,1
RICL,OLQDR,1
RICL,OLQVL,1
RICL,PLML,1
RICL,RIAL,1
RICL,RMER,1
RICL,SABVL,1
RICL,VA6,1
RICL,VD7,1
RICR,ADFL,1
RICR,ADFR,1
RICR,AIAL,1
RICR,AQR,1
RICR,AS11,1
RICR,AS9,1
RICR,ASER,1
RICR,ASIL,1
RICR,ASKL,1
RICR,AWAR,1
RICR,I2R,1
RICR,IL2L,1
RICR,PHAL,1
RICR,PVDL,1
RICR,RIAR,1
RICR,SAADR,1
RICR,SDQL,1
RICR,SMBDL,1
RICR,VD13,1
RICR,VD7,1
RID,ADLL,1
RID,ADLR,1
RID,AIAL,1
RID,AIZR,1
RID,ASEL,1
RID,ASER,1
RID,ASGL,1
RID,ASIR,1
RID,AUAR,1
RID,AVDR,1
RID,AVFL,1
RID,AWAL,1
RID,AWBL,1
RID,BDUL,1
RID,BDUR,1
RID,DB7,1
RID,DD1,1
RID,HSNR,1
RID,I2R,1
RID,IL2L,1
RID,IL2VR,1
RID,OLLR,1
RID,OLQDR,1
RID,PHAR,1
RID,PQR,1
RID,PVDR,1
RID,PVQL,1
RID,PVWR,1
RID,RIFR,1
RID,RIGR,1
RID,RIVR,1
RID,RMER,1
RID,RMEV,1
RID,RMGR,1
RID,SAADL,1
RID,SABVR,1
RID,SDQL,1
RID,SMBDL,1
RID,URXL,1
RID,VA4,1
RID,VB9,1
RID,VD1,1
RID,VD10,1
RID,VD3,1
RIGL,ADFR,1
RIGL,ADLL,1
RIGL,ADLR,1
RIGL,AIYR,1
RIGL,AIZL,1
RIGL,ALML,1
RIGL,AQR,1
RIGL,AS9,1
RIGL,ASER,1
RIGL,ASGL,1
RIGL,ASGR,1
RIGL,ASHL,1
RIGL,ASHR,1
RIGL,ASIL,1
RIGL,ASIR,1
RIGL,ASJR,1
RIGL,ASKL,1
RIGL,AUAL,1
RIGL,AUAR,1
RIGL,AVAL,1
RIGL,AVER,1
RIGL,AVFR,1
RIGL,AVM,1
RIGL,AWAR,1
RIGL,AWBL,1
RIGL,AWBR,1
RIGL,BAGL,1
RIGL,BDUL,1
RIGL,BDUR,1
RIGL,DB1,1
RIGL,DD5,1
RIGL,DVA,1
RIGL,FLPL,1
RIGL,HSNL,1
RIGL,HSNR,1
RIGL,I1L,1
RIGL,I2R,1
RIGL,IL2DL,1
RIGL,IL2DR,1
RIGL,IL2VL,1
RIGL,IL2VR,1
RIGL,M3R,1
RIGL,OLLL,1
RIGL,OLQDL,1
RIGL,OLQDR,1
RIGL,PHAL,1
RIGL,PHBL,1
RIGL,PLML,1
RIGL,PLMR,1
RIGL,PVCL,1
RIGL,PVDR,1
RIGL,PVQL,1
RIGL,PVR,1
RIGL,PVWL,1
RIGL,PVWR,1
RIGL,RICR,1
RIGL,RIFL,1
RIGL,RIFR,1
RIGL,RIGR,1
RIGL,RIVL,1
RIGL,RMED,1
RIGL,SABD,1
RIGL,SABVR,1
RIGL,SDQL,1
RIGL,SDQR,1
RIGL,SMBDR,1
RIGL,URYDL,1
RIGL,URYDR,1
RIGL,VA12,1
RIGL,VA2,1
RIGL,VA6,1
RIGL,VB1,1
RIGL,VB10,1
RIGL,VD10,1
RIGL,VD11,1
RIGL,VD12,1
RIGL,VD2,1
RIGL,VD4,1
RIGL,VD6,1
RIGL,VD8,1
RIGL,VD9,1
RIGR,ADLL,1
RIGR,ADLR,1
RIGR,AIYR,1
RIGR,AIZL,1
RIGR,ALML,1
RIGR,AS1,1
RIGR,AS9,1
RIGR,ASEL,1
RIGR,ASGL,1
RIGR,ASHR,1
RIGR,ASJR,1
RIGR,ASKL,1
RIGR,AUAR,1
RIGR,AVAR,1
RIGR,AVDL,1
RIGR,AVDR,1
RIGR,AVFL,1
RIGR,AVFR,1
RIGR,AVM,1
RIGR,AWAL,1
RIGR,AWAR,1
RIGR,AWBL,1
RIGR,BAGL,1
RIGR,BAGR,1
RIGR,BDUL,1
RIGR,DA2,1
RIGR,DA6,1
RIGR,DA8,1
RIGR,DA9,1
RIGR,DB4,1
RIGR,DB6,1
RIGR,DD2,1
RIGR,DVA,1
RIGR,FLPL,1
RIGR,FLPR,1
RIGR,I1L,1
RIGR,I2R,1
RIGR,IL2DL,1
RIGR,IL2DR,1
RIGR,IL2L,1
RIGR,IL2VL,1
RIGR,IL2VR,1
RIGR,M3L,1
RIGR,M3R,1
RIGR,OLLL,1
RIGR,OLLR,1
RIGR,OLQDR,1
RIGR,OLQVL,1
RIGR,OLQVR,1
RIGR,PHAL,1
RIGR,PHBL,1
RIGR,PHBR,1
RIGR,PLML,1
RIGR,PQR,1
RIGR,PVCR,1
RIGR,PVDL,1
RIGR,PVDR,1
RIGR,PVPR,1
RIGR,PVR,1
RIGR,RICR,1
RIGR,RIFL,1
RIGR,RIVL,1
RIGR,RIVR,1
RIGR,RMED,1
RIGR,RMER,1
RIGR,RMGR,1
RIGR,SAADL,1
RIGR,SABVR,1
RIGR,SDQR,1
RIGR,SMBDL,1
RIGR,URXR,1
RIGR,URYVL,1
RIGR,URYVR,1
RIGR,VA7,1
RIGR,VB1,1
RIGR,VB11,1
RIGR,VD12,1
RIGR,VD3,1
RIGR,VD4,1
RIGR,VD7,1
RIGR,VD9,1
RIML,ADFL,1
RIML,ADLR,1
RIML,AIAL,1
RIML,AIYL,1
RIML,AIYR,1
RIML,AIZR,1
RIML,ALMR,1
RIML,AQR,1
RIML,AS4,1
RIML,AS6,1
RIML,AS9,1
RIML,ASER,1
RIML,ASGR,1
RIML,ASHL,1
RIML,ASHR,1
RIML,ASIL,1
RIML,ASIR,1
RIML,ASJL,1
RIML,ASKL,1
RIML,AUAL,1
RIML,AVAL,1
RIML,AVDL,1
RIML,AVDR,1
RIML,AVEL,1
RIML,AVFR,1
RIML,AVM,1
RIML,AWAL,1
RIML,BAGL,1
RIML,BAGR,1
RIML,BDUR,1
RIML,DA1,1
RIML,DA3,1
RIML,DA7,1
RIML,DA9,1
RIML,DB2,1
RIML,DB4,1
RIML,DB6,1
RIML,DB7,1
RIML,DD3,1
RIML,DD4,1
RIML,DD5,1
RIML,DD6,1
RIML,DVA,1
RIML,FLPR,1
RIML,HSNL,1
RIML,HSNR,1
RIML,I1L,1
RIML,I2L,1
RIML,I2R,1
RIML,IL2DL,1
RIML,IL2DR,1
RIML,IL2L,1
RIML,IL2R,1
RIML,IL2VL,1
RIML,M3L,1
RIML,M3R,1
RIML,OLLL,1
RIML,OLQDL,1
RIML,OLQDR,1
RIML,OLQVL,1
RIML,PHAL,1
RIML,PHAR,1
RIML,PHBL,1
RIML,PHBR,1
RIML,PLML,1
RIML,PLMR,1
RIML,PQR,1
RIML,PVCL,1
RIML,PVCR,1
RIML,PVDR,1
RIML,PVQL,1
RIML,PVQR,1
RIML,PVR,1
RIML,PVWL,1
RIML,PVWR,1
RIML,RIAL,1
RIML,RIAR,1
RIML,RICR,1
RIML,RIFL,1
RIML,RIFR,1
RIML,RIVL,1
RIML,RIVR,1
RIML,RMEL,1
RIML,RMER,1
RIML,RMGL,1
RIML,SAADL,1
RIML,SABD,1
RIML,SABVL,1
RIML,SABVR,1
RIML,SDQL,1
RIML,SDQR,1
RIML,SMBDR,1
RIML,URXL,1
RIML,URXR,1
RIML,URYDR,1
RIML,URYVR,1
RIML,VA3,1
RIML,VA6,1
RIML,VA7,1
RIML,VB1,1
RIML,VB11,1
RIML,VB6,1
RIML,VD1,1
RIML,VD10,1
RIML,VD12,1
RIML,VD13,1
RIML,VD2,1
RIML,VD3,1
RIML,VD4,1
RIML,VD5,1
RIML,VD6,1
RIML,VD7,1
RIML,VD8,1
RIML,VD9,1
RIMR,ADFR,1
RIMR,ADLR,1
RIMR,AIAL,1
RIMR,AIAR,1
RIMR,AIYL,1
RIMR,AIYR,1
RIMR,AIZR,1
RIMR,ALML,1
RIMR,ALMR,1
RIMR,AS1,1
RIMR,AS10,1
RIMR,AS2,1
RIMR,AS9,1
RIMR,ASEL,1
RIMR,ASER,1
RIMR,ASGL,1
RIMR,ASGR,1
RIMR,ASHL,1
RIMR,ASHR,1
RIMR,ASIR,1
RIMR,ASJL,1
RIMR,ASJR,1
RIMR,ASKL,1
RIMR,ASKR,1
RIMR,AUAL,1
RIMR,AVAL,1
RIMR,AVEL,1
RIMR,AVER,1
RIMR,AVFL,1
RIMR,AVFR,1
RIMR,AVM,1
RIMR,AWAR,1
RIMR,AWBR,1
RIMR,BAGL,1
RIMR,BAGR,1
RIMR,BDUL,1
RIMR,BDUR,1
RIMR,DA2,1
RIMR,DB2,1
RIMR,DB5,1
RIMR,DD1,1
RIMR,DD2,1
RIMR,DD3,1
RIMR,DD4,1
RIMR,DD5,1
RIMR,DD6,1
RIMR,FLPL,1
RIMR,FLPR,1
RIMR,HSNL,1
RIMR,HSNR,1
RIMR,I1R,1
RIMR,I2R,1
RIMR,IL2DL,1
RIMR,IL2DR,1
RIMR,IL2R,1
RIMR,IL2VR,1
RIMR,M3L,1
RIMR,OLLL,1
RIMR,OLQVR,1
RIMR,PHAL,1
RIMR,PHAR,1
RIMR,PHBL,1
RIMR,PHBR,1
RIMR,PLMR,1
RIMR,PQR,1
RIMR,PVCL,1
RIMR,PVCR,1
RIMR,PVDR,1
RIMR,PVM,1
RIMR,PVQL,1
RIMR,PVQR,1
RIMR,PVR,1
RIMR,PVWL,1
RIMR,PVWR,1
RIMR,RIAL,1
RIMR,RIAR,1
RIMR,RICL,1
RIMR,RICR,1
RIMR,RIFL,1
RIMR,RIFR,1
RIMR,RIGR,1
RIMR,RIVL,1
RIMR,RIVR,1
RIMR,RMEL,1
RIMR,RMER,1
RIMR,RMEV,1
RIMR,RMGL,1
RIMR,SAADL,1
RIMR,SAADR,1
RIMR,SABVL,1
RIMR,SABVR,1
RIMR,SDQL,1
RIMR,SDQR,1
RIMR,SMBDL,1
RIMR,SMBDR,1
RIMR,URXL,1
RIMR,URXR,1
RIMR,URYDL,1
RIMR,URYDR,1
RIMR,URYVL,1
RIMR,VA3,1
RIMR,VA5,1
RIMR,VA9,1
RIMR,VB7,1
RIMR,VD1,1
RIMR,VD11,1
RIMR,VD2,1
RIMR,VD3,1
RIMR,VD4,1
RIMR,VD5,1
RIMR,VD6,1
RIMR,VD7,1
RIMR,VD8,1
RIMR,VD9,1
RIS,AIAR,1
RIS,AIZR,1
RIS,AS10,1
RIS,ASEL,1
RIS,ASER,1
RIS,ASGR,1
RIS,ASIR,1
RIS,ASKL,1
RIS,ASKR,1
RIS,AVAL,1
RIS,AVDR,1
RIS,AVEL,1
RIS,AVFL,1
RIS,AWAL,1
RIS,AWAR,1
RIS,AWBL,1
RIS,BAGR,1
RIS,BDUL,1
RIS,BDUR,1
RIS,DA3,1
RIS,DD2,1
RIS,FLPL,1
RIS,I1R,1
RIS,IL2L,1
RIS,M3R,1
RIS,OLQDL,1
RIS,PHAL,1
RIS,PHBL,1
RIS,PVM,1
RIS,RICL,1
RIS,RICR,1
RIS,RIFL,1
RIS,RIFR,1
RIS,RIVL,1
RIS,RMEV,1
RIS,RMGL,1
RIS,URYDL,1
RIS,URYVL,1
RIS,URYVR,1
RIS,VA6,1
RIS,VD1,1
RIS,VD10,1
RIS,VD12,1
RIS,VD6,1
RMED,ADLR,1
RMED,AIZR,1
RMED,AS1,1
RMED,ASGR,1
RMED,ASHL,1
RMED,ASIL,1
RMED,ASIR,1
RMED,AVAL,1
RMED,AWAL,1
RMED,AWAR,1
RMED,AWBL,1
RMED,AWBR,1
RMED,DB4,1
RMED,DB5,1
RMED,DB7,1
RMED,DD1,1
RMED,DD3,1
RMED,IL2DR,1
RMED,IL2L,1
RMED,IL2VR,1
RMED,M3L,1
RMED,OLLL,1
RMED,OLQVR,1
RMED,PHAR,1
RMED,PHBR,1
RMED,PVCL,1
RMED,RICL,1
RMED,RICR,1
RMED,RIFL,1
RMED,RIFR,1
RMED,RIGL,1
RMED,RIGR,1
RMED,RIVL,1
RMED,RMEV,1
RMED,SAADL,1
RMED,SAADR,1
RMED,SDQL,1
RMED,SDQR,1
RMED,URYDR,1
RMED,VA6,1
RMED,VD10,1
RMED,VD4,1
RMED,VD6,1
RMED,VD8,1
RMEL,AIAR,1
RMEL,AQR,1
RMEL,AS1,1
RMEL,ASER,1
RMEL,ASGL,1
RMEL,ASGR,1
RMEL,ASHL,1
RMEL,ASHR,1
RMEL,AVAR,1
RMEL,AVEL,1
RMEL,AWBL,1
RMEL,BAGR,1
RMEL,DD2,1
RMEL,DD4,1
RMEL,DD5,1
RMEL,DD6,1
RMEL,FLPL,1
RMEL,FLPR,1
RMEL,HSNR,1
RMEL,I2L,1
RMEL,I2R,1
RMEL,M3R,1
RMEL,OLQVL,1
RMEL,OLQVR,1
RMEL,PHAL,1
RMEL,PLML,1
RMEL,PLMR,1
RMEL,PQR,1
RMEL,PVQL,1
RMEL,PVQR,1
RMEL,PVWR,1
RMEL,RIAR,1
RMEL,RIGR,1
RMEL,RIVR,1
RMEL,SDQL,1
RMEL,URYDR,1
RMEL,URYVL,1
RMEL,VB10,1
RMEL,VB2,1
RMEL,VD11,1
RMEL,VD12,1
RMEL,VD7,1
RMEL,VD8,1
RMEL,VD9,1
RMER,ADFL,1
RMER,AIAL,1
RMER,AIYR,1
RMER,AIZL,1
RMER,AS10,1
RMER,ASEL,1
RMER,ASHL,1
RMER,ASJL,1
RMER,ASKL,1
RMER,ASKR,1
RMER,AVAL,1
RMER,AVDL,1
RMER,AVDR,1
RMER,AVFR,1
RMER,AWAR,1
RMER,BAGL,1
RMER,DB7,1
RMER,HSNL,1
RMER,I1R,1
RMER,IL2R,1
RMER,OLLR,1
RMER,PHAR,1
RMER,PHBL,1
RMER,PHBR,1
RMER,PQR,1
RMER,PVCR,1
RMER,PVDR,1
RMER,PVWR,1
RMER,RIFR,1
RMER,RIGR,1
RMER,RIVL,1
RMER,SAADL,1
RMER,SAADR,1
RMER,SABVR,1
RMER,SDQL,1
RMER,URXR,1
RMER,VA10,1
RMER,VA2,1
RMER,VA7,1
RMER,VA9,1
RMER,VB1,1
RMER,VB11,1
RMER,VB6,1
RMER,VD9,1
RMEV,ADFL,1
RMEV,AIYL,1
RMEV,AIYR,1
RMEV,AIZL,1
RMEV,AQR,1
RMEV,AS10,1
RMEV,AS4,1
RMEV,ASER,1
RMEV,ASGL,1
RMEV,ASGR,1
RMEV,ASHR,1
RMEV,ASIL,1
RMEV,ASIR,1
RMEV,AUAL,1
RMEV,AVEL,1
RMEV,AVER,1
RMEV,AVFR,1
RMEV,AWBR,1
RMEV,BDUL,1
RMEV,DA2,1
RMEV,DB2,1
RMEV,DB3,1
RMEV,FLPR,1
RMEV,I1L,1
RMEV,I1R,1
RMEV,I2L,1
RMEV,IL2DR,1
RMEV,IL2L,1
RMEV,IL2VL,1
RMEV,IL2VR,1
RMEV,OLQDR,1
RMEV,PHAR,1
RMEV,PVCL,1
RMEV,PVDL,1
RMEV,PVQR,1
RMEV,PVWR,1
RMEV,RIVR,1
RMEV,RMGL,1
RMEV,URXR,1
RMEV,URYDR,1
RMEV,VB1,1
RMEV,VB9,1
RMEV,VD2,1
RMEV,VD4,1
RMGL,ADFL,1
RMGL,AIAR,1
RMGL,AIYR,1
RMGL,AIZL,1
RMGL,ALML,1
RMGL,ALMR,1
RMGL,AQR,1
RMGL,AS1,1
RMGL,AS10,1
RMGL,AS11,1
RMGL,AS6,1
RMGL,AS8,1
RMGL,ASEL,1
RMGL,ASER,1
RMGL,ASGR,1
RMGL,ASHR,1
RMGL,ASIL,1
RMGL,ASIR,1
RMGL,ASJL,1
RMGL,ASJR,1
RMGL,ASKL,1
RMGL,ASKR,1
RMGL,AUAL,1
RMGL,AUAR,1
RMGL,AVAL,1
RMGL,AVAR,1
RMGL,AVDL,1
RMGL,AVDR,1
RMGL,AVER,1
RMGL,AVFL,1
RMGL,AVFR,1
RMGL,AWAL,1
RMGL,AWAR,1
RMGL,AWBR,1
RMGL,BAGL,1
RMGL,BAGR,1
RMGL,BDUL,1
RMGL,BDUR,1
RMGL,DA3,1
RMGL,DA9,1
RMGL,DB1,1
RMGL,DB2,1
RMGL,DB3,1
RMGL,DB4,1
RMGL,DB7,1
RMGL,DD2,1
RMGL,DD3,1
RMGL,DD4,1
RMGL,DD5,1
RMGL,DD6,1
RMGL,DVA,1
RMGL,FLPL,1
RMGL,FLPR,1
RMGL,HSNL,1
RMGL,I1L,1
RMGL,I1R,1
RMGL,I2L,1
RMGL,I2R,1
RMGL,IL2DR,1
RMGL,IL2L,1
RMGL,IL2R,1
RMGL,IL2VL,1
RMGL,M3L,1
RMGL,M3R,1
RMGL,OLLL,1
RMGL,OLLR,1
RMGL,OLQVL,1
RMGL,OLQVR,1
RMGL,PHAL,1
RMGL,PHAR,1
RMGL,PHBL,1
RMGL,PLML,1
RMGL,PLMR,1
RMGL,PQR,1
RMGL,PVCL,1
RMGL,PVCR,1
RMGL,PVDL,1
RMGL,PVDR,1
RMGL,PVQL,1
RMGL,PVR,1
RMGL,RIAL,1
RMGL,RIAR,1
RMGL,RICL,1
RMGL,RICR,1
RMGL,RIFR,1
RMGL,RIGR,1
RMGL,RIVL,1
RMGL,RIVR,1
RMGL,RMED,1
RMGL,RMEL,1
RMGL,RMER,1
RMGL,RMEV,1
RMGL,SAADL,1
RMGL,SAADR,1
RMGL,SABD,1
RMGL,SABVL,1
RMGL,SABVR,1
RMGL,SDQR,1
RMGL,SMBDL,1
RMGL,URXL,1
RMGL,URXR,1
RMGL,URYDR,1
RMGL,URYVL,1
RMGL,VA1,1
RMGL,VA12,1
RMGL,VA3,1
RMGL,VA4,1
RMGL,VA9,1
RMGL,VB1,1
RMGL,VB10,1
RMGL,VB11,1
RMGL,VD1,1
RMGL,VD10,1
RMGL,VD12,1
RMGL,VD13,1
RMGL,VD2,1
RMGL,VD5,1
RMGL,VD6,1
RMGL,VD7,1
RMGL,VD8,1
RMGL,VD9,1
RMGR,ADFL,1
RMGR,ADFR,1
RMGR,ADLL,1
RMGR,ADLR,1
RMGR,AIAL,1
RMGR,AIAR,1
RMGR,AIYL,1
RMGR,AIYR,1
RMGR,AIZL,1
RMGR,AIZR,1
RMGR,ALML,1
RMGR,ALMR,1
RMGR,AS1,1
RMGR,AS11,1
RMGR,AS3,1
RMGR,AS7,1
RMGR,ASEL,1
RMGR,ASGR,1
RMGR,ASHL,1
RMGR,ASHR,1
RMGR,ASIL,1
RMGR,ASIR,1
RMGR,ASJL,1
RMGR,ASJR,1
RMGR,AUAR,1
RMGR,AVAL,1
RMGR,AVAR,1
RMGR,AVDL,1
RMGR,AVEL,1
RMGR,AVER,1
RMGR,AVFR,1
RMGR,AVM,1
RMGR,AWAL,1
RMGR,AWAR,1
RMGR,AWBL,1
RMGR,BAGR,1
RMGR,BDUL,1
RMGR,BDUR,1
RMGR,DA2,1
RMGR,DA3,1
RMGR,DA5,1
RMGR,DA9,1
RMGR,DB2,1
RMGR,DB3,1
RMGR,DB6,1
RMGR,DB7,1
RMGR,DD1,1
RMGR,DD2,1
RMGR,DD3,1
RMGR,DD4,1
RMGR,DD5,1
RMGR,DD6,1
RMGR,DVA,1
RMGR,FLPR,1
RMGR,HSNL,1
RMGR,HSNR,1
RMGR,I1L,1
RMGR,I1R,1
RMGR,I2L,1
RMGR,I2R,1
RMGR,IL2L,1
RMGR,IL2VL,1
RMGR,M3L,1
RMGR,M3R,1
RMGR,OLLL,1
RMGR,OLQDR,1
RMGR,OLQVL,1
RMGR,OLQVR,1
RMGR,PHAL,1
RMGR,PHAR,1
RMGR,PHBL,1
RMGR,PHBR,1
RMGR,PLMR,1
RMGR,PQR,1
RMGR,PVCR,1
RMGR,PVDL,1
RMGR,PVDR,1
RMGR,PVM,1
RMGR,PVQL,1
RMGR,PVQR,1
RMGR,PVR,1
RMGR,PVWR,1
RMGR,RIAL,1
RMGR,RIAR,1
RMGR,RICL,1
RMGR,RICR,1
RMGR,RIFR,1
RMGR,RIGL,1
RMGR,RIGR,1
RMGR,RIVL,1
RMGR,RIVR,1
RMGR,RMEL,1
RMGR,RMEV,1
RMGR,RMGL,1
RMGR,SAADL,1
RMGR,SABD,1
RMGR,SABVL,1
RMGR,SABVR,1
RMGR,SMBDL,1
RMGR,URXL,1
RMGR,URXR,1
RMGR,URYDL,1
RMGR,URYVR,1
RMGR,VA1,1
RMGR,VA4,1
RMGR,VA5,1
RMGR,VA9,1
RMGR,VB1,1
RMGR,VB4,1
RMGR,VB6,1
RMGR,VB7,1
RMGR,VD1,1
RMGR,VD11,1
RMGR,VD12,1
RMGR,VD2,1
RMGR,VD3,1
RMGR,VD5,1
RMGR,VD6,1
RMGR,VD7,1
RMGR,VD8,1
RMGR,VD9,1
SAADL,ADFL,1
SAADL,ADFR,1
SAADL,ADLL,1
SAADL,AIAL,1
SAADL,AIZR,1
SAADL,ALML,1
SAADL,ASHL,1
SAADL,ASIL,1
SAADL,ASKR,1
SAADL,AUAL,1
SAADL,AVDR,1
SAADL,AWAR,1
SAADL,BAGL,1
SAADL,BAGR,1
SAADL,DA7,1
SAADL,DB2,1
SAADL,DD3,1
SAADL,I1L,1
SAADL,I2L,1
SAADL,I2R,1
SAADL,IL2DR,1
SAADL,IL2L,1
SAADL,IL2R,1
SAADL,IL2VR,1
SAADL,M3L,1
SAADL,M3R,1
SAADL,OLLR,1
SAADL,OLQDL,1
SAADL,PHAR,1
SAADL,PHBL,1
SAADL,PVDR,1
SAADL,PVQL,1
SAADL,PVQR,1
SAADL,RIFR,1
SAADL,SAADR,1
SAADL,SABD,1
SAADL,SABVL,1
SAADL,SMBDL,1
SAADL,URXR,1
SAADL,URYDR,1
SAADL,VA1,1
SAADL,VA9,1
SAADL,VD12,1
SAADL,VD5,1
SAADR,ADFR,1
SAADR,AIYR,1
SAADR,AIZR,1
SAADR,ASEL,1
SAADR,ASGL,1
SAADR,AVAL,1
SAADR,AVDL,1
SAADR,AVM,1
SAADR,AWAL,1
SAADR,AWBL,1
SAADR,AWBR,1
SAADR,BAGL,1
SAADR,DA1,1
SAADR,DB6,1
SAADR,DD2,1
SAADR,I1R,1
SAADR,I2R,1
SAADR,IL2DL,1
SAADR,IL2VL,1
SAADR,M3R,1
SAADR,OLQVL,1
SAADR,PHAL,1
SAADR,PHBR,1
SAADR,PLMR,1
SAADR,PQR,1
SAADR,PVCL,1
SAADR,PVCR,1
SAADR,PVDR,1
SAADR,PVQR,1
SAADR,RIFL,1
SAADR,RMER,1
SAADR,RMEV,1
SAADR,SABD,1
SAADR,SABVL,1
SAADR,SABVR,1
SAADR,SDQL,1
SAADR,SDQR,1
SAADR,URXL,1
SAADR,URXR,1
SAADR,URYDL,1
SAADR,VA1,1
SAADR,VD10,1
SAADR,VD5,1
SAADR,VD9,1
SAAVL,ADFL,1
SAAVL,ADFR,1
SAAVL,ADLR,1
SAAVL,ALMR,1
SAAVL,ASEL,1
SAAVL,ASER,1
SAAVL,AVFR,1
SAAVL,AWAR,1
SAAVL,AWBR,1
SAAVL,BDUR,1
SAAVL,DD1,1
SAAVL,DD2,1
SAAVL,DD4,1
SAAVL,HSNL,1
SAAVL,I1R,1
SAAVL,IL2L,1
SAAVL,IL2VR,1
SAAVL,M3R,1
SAAVL,OLLL,1
SAAVL,OLQDR,1
SAAVL,PHAL,1
SAAVL,PHAR,1
SAAVL,PLML,1
SAAVL,PLMR,1
SAAVL,PVQR,1
SAAVL,PVWL,1
SAAVL,RIAR,1
SAAVL,RICR,1
SAAVL,RIFL,1
SAAVL,RIFR,1
SAAVL,RIGR,1
SAAVL,RIVL,1
SAAVL,RIVR,1
SAAVL,RMGR,1
SAAVL,SAADR,1
SAAVL,SABD,1
SAAVL,SABVR,1
SAAVL,SDQL,1
SAAVL,SDQR,1
SAAVL,SMBDL,1
SAAVL,SMBDR,1
SAAVL,VD10,1
SAAVL,VD13,1
SAAVL,VD6,1
SAAVR,ADFL,1
SAAVR,ADFR,1
SAAVR,ADLR,1
SAAVR,AIYL,1
SAAVR,AIZL,1
SAAVR,AQR,1
SAAVR,ASER,1
SAAVR,ASGL,1
SAAVR,ASGR,1
SAAVR,ASHR,1
SAAVR,ASJR,1
SAAVR,AUAR,1
SAAVR,AVAL,1
SAAVR,AVAR,1
SAAVR,AVDR,1
SAAVR,AVFL,1
SAAVR,AVFR,1
SAAVR,AWAL,1
SAAVR,BDUR,1
SAAVR,DB6,1
SAAVR,DD3,1
SAAVR,DD6,1
SAAVR,I1L,1
SAAVR,OLLR,1
SAAVR,OLQDL,1
SAAVR,PHAR,1
SAAVR,PHBL,1
SAAVR,PVCL,1
SAAVR,PVDL,1
SAAVR,PVM,1
SAAVR,PVQL,1
SAAVR,PVWR,1
SAAVR,RIFR,1
SAAVR,RIGL,1
SAAVR,RMEL,1
SAAVR,RMGR,1
SAAVR,SMBDL,1
SAAVR,URXL,1
SAAVR,URYDL,1
SAAVR,VB6,1
SAAVR,VD11,1
SAAVR,VD3,1
SAAVR,VD5,1
SAAVR,VD9,1
SIADL,ADFR,1
SIADL,AIAR,1
SIADL,AIYL,1
SIADL,ASEL,1
SIADL,ASER,1
SIADL,ASHR,1
SIADL,ASIL,1
SIADL,ASJR,1
SIADL,ASKL,1
SIADL,AVAL,1
SIADL,AVEL,1
SIADL,AVFL,1
SIADL,AWAL,1
SIADL,AWBL,1
SIADL,BDUL,1
SIADL,BDUR,1
SIADL,DA6,1
SIADL,DD5,1
SIADL,DD6,1
SIADL,I1L,1
SIADL,I2L,1
SIADL,IL2R,1
SIADL,OLLL,1
SIADL,OLLR,1
SIADL,OLQDR,1
SIADL,PHAL,1
SIADL,PHBL,1
SIADL,PLML,1
SIADL,PVQL,1
SIADL,PVQR,1
SIADL,PVWL,1
SIADL,RIGL,1
SIADL,RIGR,1
SIADL,RMED,1
SIADL,RMEV,1
SIADL,SAADL,1
SIADL,SMBDL,1
SIADL,URXL,1
SIADL,URXR,1
SIADL,URYDR,1
SIADL,VB2,1
SIADL,VD10,1
SIADL,VD2,1
SIADL,VD4,1
SIADR,ADFL,1
SIADR,AIAL,1
SIADR,AIYL,1
SIADR,AIYR,1
SIADR,ALML,1
SIADR,ALMR,1
SIADR,AS10,1
SIADR,AS5,1
SIADR,AS9,1
SIADR,ASGL,1
SIADR,ASHL,1
SIADR,ASHR,1
SIADR,ASJL,1
SIADR,AVAR,1
SIADR,AWBR,1
SIADR,BDUL,1
SIADR,DB2,1
SIADR,DD1,1
SIADR,DD2,1
SIADR,DD5,1
SIADR,HSNR,1
SIADR,I1R,1
SIADR,I2L,1
SIADR,IL2DR,1
SIADR,IL2VR,1
SIADR,M3L,1
SIADR,M3R,1
SIADR,PHAL,1
SIADR,PHAR,1
SIADR,PLML,1
SIADR,PLMR,1
SIADR,PVQR,1
SIADR,PVR,1
SIADR,PVWR,1
SIADR,RIAR,1
SIADR,RICR,1
SIADR,RIVL,1
SIADR,RMGR,1
SIADR,SAADR,1
SIADR,URXR,1
SIADR,URYDR,1
SIADR,URYVR,1
SIADR,VD13,1
SIADR,VD3,1
SIAVL,ADLL,1
SIAVL,ADLR,1
SIAVL,AIAL,1
SIAVL,AIYR,1
SIAVL,AIZR,1
SIAVL,ASEL,1
SIAVL,ASGR,1
SIAVL,ASHR,1
SIAVL,ASKL,1
SIAVL,AUAR,1
SIAVL,AVAL,1
SIAVL,BAGR,1
SIAVL,BDUL,1
SIAVL,DB5,1
SIAVL,DD2,1
SIAVL,DD6,1
SIAVL,DVA,1
SIAVL,FLPL,1
SIAVL,I2R,1
SIAVL,OLQDL,1
SIAVL,OLQVL,1
SIAVL,PHAR,1
SIAVL,PHBR,1
SIAVL,PLMR,1
SIAVL,PVDR,1
SIAVL,PVQL,1
SIAVL,PVWL,1
SIAVL,RIAL,1
SIAVL,RICL,1
SIAVL,RICR,1
SIAVL,RIVR,1
SIAVL,SAADL,1
SIAVL,SAADR,1
SIAVL,SDQL,1
SIAVL,SDQR,1
SIAVL,URXR,1
SIAVL,URYDR,1
SIAVL,URYVL,1
SIAVL,VB4,1
SIAVL,VB5,1
SIAVL,VD11,1
SIAVL,VD3,1
SIAVL,VD6,1
SIAVL,VD9,1
SIAVR,ADFR,1
SIAVR,AIAR,1
SIAVR,AIYR,1
SIAVR,AIZL,1
SIAVR,ALML,1
SIAVR,AS4,1
SIAVR,ASEL,1
SIAVR,ASER,1
SIAVR,ASGL,1
SIAVR,ASHL,1
SIAVR,ASHR,1
SIAVR,ASJR,1
SIAVR,ASKL,1
SIAVR,AUAL,1
SIAVR,AVFR,1
SIAVR,AWAR,1
SIAVR,AWBL,1
SIAVR,AWBR,1
SIAVR,BDUR,1
SIAVR,DA5,1
SIAVR,DD1,1
SIAVR,FLPL,1
SIAVR,I2L,1
SIAVR,I2R,1
SIAVR,IL2VL,1
SIAVR,IL2VR,1
SIAVR,OLLL,1
SIAVR,OLLR,1
SIAVR,OLQDL,1
SIAVR,OLQDR,1
SIAVR,PHAR,1
SIAVR,PHBL,1
SIAVR,PVDR,1
SIAVR,RICL,1
SIAVR,RIFR,1
SIAVR,RMER,1
SIAVR,RMEV,1
SIAVR,SABVR,1
SIAVR,URXR,1
SIAVR,URYVL,1
SIAVR,VD11,1
SIAVR,VD13,1
SIAVR,VD6,1
SIAVR,VD9,1
URADL,ADFL,1
URADL,ADFR,1
URADL,ADLR,1
URADL,AIAL,1
URADL,AIAR,1
URADL,AIYL,1
URADL,AIYR,1
URADL,ALMR,1
URADL,ASER,1
URADL,ASGL,1
URADL,ASHL,1
URADL,ASHR,1
URADL,ASIL,1
URADL,ASKL,1
URADL,AUAL,1
URADL,AVAL,1
URADL,AVAR,1
URADL,AVDL,1
URADL,AVEL,1
URADL,AVER,1
URADL,AVFL,1
URADL,AVFR,1
URADL,AVM,1
URADL,AWAL,1
URADL,AWAR,1
URADL,AWBR,1
URADL,BAGR,1
URADL,BDUL,1
URADL,BDUR,1
URADL,DA1,1
URADL,DB2,1
URADL,DB5,1
URADL,DB7,1
URADL,DD1,1
URADL,DD3,1
URADL,DD4,1
URADL,DVA,1
URADL,FLPL,1
URADL,I1L,1
URADL,I1R,1
URADL,IL2DL,1
URADL,IL2L,1
URADL,IL2VR,1
URADL,M3R,1
URADL,OLLR,1
URADL,OLQDL,1
URADL,OLQVL,1
URADL,PHBL,1
URADL,PLML,1
URADL,PLMR,1
URADL,PVCL,1
URADL,PVCR,1
URADL,PVM,1
URADL,PVQL,1
URADL,PVQR,1
URADL,PVR,1
URADL,PVWL,1
URADL,PVWR,1
URADL,RICL,1
URADL,RICR,1
URADL,RIFL,1
URADL,RIFR,1
URADL,RIGR,1
URADL,RIVL,1
URADL,RIVR,1
URADL,RMEL,1
URADL,RMER,1
URADL,RMEV,1
URADL,RMGL,1
URADL,RMGR,1
URADL,SAADL,1
URADL,SDQL,1
URADL,SMBDL,1
URADL,SMBDR,1
URADL,URXL,1
URADL,URYDL,1
URADL,URYDR,1
URADL,URYVR,1
URADL,VB11,1
URADL,VD1,1
URADL,VD10,1
URADL,VD11,1
URADL,VD2,1
URADL,VD3,1
URADL,VD5,1
URADL,VD9,1
URADR,ADLL,1
URADR,ADLR,1
URADR,AIAL,1
URADR,ALML,1
URADR,ALMR,1
URADR,AQR,1
URADR,AS7,1
URADR,ASEL,1
URADR,ASER,1
URADR,ASGL,1
URADR,ASIL,1
URADR,ASIR,1
URADR,ASJR,1
URADR,ASKL,1
URADR,AUAR,1
URADR,AVDR,1
URADR,AVER,1
URADR,AVFL,1
URADR,AVFR,1
URADR,AWAL,1
URADR,AWAR,1
URADR,AWBL,1
URADR,AWBR,1
URADR,BAGL,1
URADR,BDUL,1
URADR,BDUR,1
URADR,DB2,1
URADR,DD3,1
URADR,DD4,1
URADR,DVA,1
URADR,FLPL,1
URADR,HSNL,1
URADR,I1L,1
URADR,I1R,1
URADR,I2L,1
URADR,I2R,1
URADR,IL2DL,1
URADR,IL2R,1
URADR,M3L,1
URADR,M3R,1
URADR,OLLL,1
URADR,OLQDL,1
URADR,OLQVL,1
URADR,PHAR,1
URADR,PHBR,1
URADR,PLMR,1
URADR,PVCL,1
URADR,PVCR,1
URADR,PVDL,1
URADR,PVDR,1
URADR,PVM,1
URADR,PVQL,1
URADR,PVQR,1
URADR,PVR,1
URADR,PVWL,1
URADR,RICL,1
URADR,RIFR,1
URADR,RIVL,1
URADR,RIVR,1
URADR,RMED,1
URADR,RMEL,1
URADR,RMER,1
URADR,RMEV,1
URADR,RMGR,1
URADR,SABD,1
URADR,SABVL,1
URADR,SABVR,1
URADR,SDQL,1
URADR,SDQR,1
URADR,SMBDL,1
URADR,SMBDR,1
URADR,URXL,1
URADR,URXR,1
URADR,URYDL,1
URADR,URYDR,1
URADR,URYVL,1
URADR,URYVR,1
URADR,VA3,1
URADR,VA4,1
URADR,VA9,1
URADR,VD1,1
URADR,VD10,1
URADR,VD12,1
URADR,VD13,1
URADR,VD4,1
URADR,VD9,1
URAVL,ADFR,1
URAVL,ADLL,1
URAVL,ADLR,1
URAVL,AIAR,1
URAVL,AIYL,1
URAVL,AIYR,1
URAVL,ALMR,1
URAVL,AS8,1
URAVL,ASEL,1
URAVL,ASER,1
URAVL,ASGL,1
URAVL,ASGR,1
URAVL,ASHL,1
URAVL,ASHR,1
URAVL,ASJL,1
URAVL,AVDL,1
URAVL,AVDR,1
URAVL,AVEL,1
URAVL,AVER,1
URAVL,AVFR,1
URAVL,AWAR,1
URAVL,AWBL,1
URAVL,AWBR,1
URAVL,BDUL,1
URAVL,BDUR,1
URAVL,DB2,1
URAVL,DB5,1
URAVL,DB6,1
URAVL,DD1,1
URAVL,DD6,1
URAVL,DVA,1
URAVL,FLPL,1
URAVL,FLPR,1
URAVL,HSNL,1
URAVL,HSNR,1
URAVL,I2L,1
URAVL,I2R,1
URAVL,IL2DL,1
URAVL,IL2DR,1
URAVL,IL2L,1
URAVL,IL2VR,1
URAVL,M3L,1
URAVL,OLLL,1
URAVL,OLLR,1
URAVL,OLQDR,1
URAVL,PHAL,1
URAVL,PHAR,1
URAVL,PHBR,1
URAVL,PLML,1
URAVL,PLMR,1
URAVL,PVCL,1
URAVL,PVCR,1
URAVL,PVDR,1
URAVL,PVQL,1
URAVL,PVQR,1
URAVL,PVR,1
URAVL,PVWL,1
URAVL,PVWR,1
URAVL,RICL,1
URAVL,RICR,1
URAVL,RIFL,1
URAVL,RIFR,1
URAVL,RIGR,1
URAVL,RIVR,1
URAVL,RMED,1
URAVL,RMEL,1
URAVL,RMER,1
URAVL,RMEV,1
URAVL,RMGL,1
URAVL,RMGR,1
URAVL,SABVR,1
URAVL,SDQL,1
URAVL,URXL,1
URAVL,URXR,1
URAVL,URYDL,1
URAVL,URYVL,1
URAVL,URYVR,1
URAVL,VA3,1
URAVL,VA9,1
URAVL,VB4,1
URAVL,VD10,1
URAVL,VD11,1
URAVL,VD13,1
URAVL,VD2,1
URAVL,VD8,1
URAVL,VD9,1
URAVR,ADFL,1
URAVR,AIAL,1
URAVR,AIAR,1
URAVR,AIYR,1
URAVR,AIZR,1
URAVR,ALML,1
URAVR,ALMR,1
URAVR,AQR,1
URAVR,AS9,1
URAVR,ASEL,1
URAVR,ASGL,1
URAVR,ASHL,1
URAVR,ASJR,1
URAVR,ASKL,1
URAVR,ASKR,1
URAVR,AUAR,1
URAVR,AVAL,1
URAVR,AVAR,1
URAVR,AVDL,1
URAVR,AVDR,1
URAVR,AVER,1
URAVR,AVFL,1
URAVR,AVFR,1
URAVR,AVM,1
URAVR,AWAL,1
URAVR,AWAR,1
URAVR,BAGL,1
URAVR,BDUL,1
URAVR,BDUR,1
URAVR,DA6,1
URAVR,DD4,1
URAVR,DD5,1
URAVR,DD6,1
URAVR,DVA,1
URAVR,FLPL,1
URAVR,HSNL,1
URAVR,HSNR,1
URAVR,I1L,1
URAVR,I2R,1
URAVR,IL2DL,1
URAVR,IL2R,1
URAVR,IL2VL,1
URAVR,M3L,1
URAVR,M3R,1
URAVR,OLLR,1
URAVR,OLQDL,1
URAVR,OLQDR,1
URAVR,OLQVL,1
URAVR,OLQVR,1
URAVR,PHAR,1
URAVR,PLML,1
URAVR,PLMR,1
URAVR,PVCL,1
URAVR,PVM,1
URAVR,PVQL,1
URAVR,PVQR,1
URAVR,PVR,1
URAVR,PVWL,1
URAVR,PVWR,1
URAVR,RIAR,1
URAVR,RIFL,1
URAVR,RIFR,1
URAVR,RMED,1
URAVR,RMEL,1
URAVR,RMER,1
URAVR,RMEV,1
URAVR,RMGR,1
URAVR,SAADR,1
URAVR,SABD,1
URAVR,SDQL,1
URAVR,SMBDR,1
URAVR,URXL,1
URAVR,URYDL,1
URAVR,URYDR,1
URAVR,URYVL,1
URAVR,URYVR,1
URAVR,VA1,1
URAVR,VA4,1
URAVR,VD1,1
URAVR,VD12,1
URAVR,VD3,1
URAVR,VD4,1
URAVR,VD5,1
URAVR,VD7,1
URAVR,VD8,1
URAVR,VD9,1
URXL,ADFR,1
URXL,ADLL,1
URXL,AIYR,1
URXL,AIZL,1
URXL,ALMR,1
URXL,AQR,1
URXL,AS1,1
URXL,AS10,1
URXL,AS2,1
URXL,AS6,1
URXL,ASEL,1
URXL,ASIR,1
URXL,ASJR,1
URXL,ASKR,1
URXL,AVDL,1
URXL,AVDR,1
URXL,AVER,1
URXL,AVM,1
URXL,AWAL,1
URXL,AWAR,1
URXL,AWBL,1
URXL,AWBR,1
URXL,BAGL,1
URXL,BDUL,1
URXL,BDUR,1
URXL,DA2,1
URXL,DA4,1
URXL,DB2,1
URXL,DB6,1
URXL,DD3,1
URXL,DD5,1
URXL,DD6,1
URXL,DVA,1
URXL,FLPL,1
URXL,FLPR,1
URXL,HSNL,1
URXL,HSNR,1
URXL,I1L,1
URXL,I2R,1
URXL,IL2L,1
URXL,IL2VL,1
URXL,M3L,1
URXL,M3R,1
URXL,OLLR,1
URXL,OLQDR,1
URXL,OLQVL,1
URXL,OLQVR,1
URXL,PHAL,1
URXL,PHBR,1
URXL,PVCL,1
URXL,PVCR,1
URXL,PVQL,1
URXL,PVWL,1
URXL,PVWR,1
URXL,RIAL,1
URXL,RICL,1
URXL,RICR,1
URXL,RIFL,1
URXL,RIFR,1
URXL,RIGL,1
URXL,RIVR,1
URXL,RMED,1
URXL,RMEL,1
URXL,RMEV,1
URXL,RMGL,1
URXL,RMGR,1
URXL,SAADR,1
URXL,SABD,1
URXL,SABVL,1
URXL,SDQL,1
URXL,SDQR,1
URXL,SMBDL,1
URXL,URXR,1
URXL,URYVL,1
URXL,URYVR,1
URXL,VA1,1
URXL,VA11,1
URXL,VA3,1
URXL,VA6,1
URXL,VB2,1
URXL,VB6,1
URXL,VD1,1
URXL,VD10,1
URXL,VD11,1
URXL,VD12,1
URXL,VD2,1
URXL,VD5,1
URXL,VD7,1
URXL,VD9,1
URXR,ADFL,1
URXR,AIAL,1
URXR,AIAR,1
URXR,AIYR,1
URXR,AIZL,1
URXR,AIZR,1
URXR,ALML,1
URXR,ALMR,1
URXR,AQR,1
URXR,AS10,1
URXR,AS11,1
URXR,AS2,1
URXR,ASGL,1
URXR,ASHL,1
URXR,ASIL,1
URXR,ASIR,1
URXR,ASJL,1
URXR,ASJR,1
URXR,ASKL,1
URXR,AUAR,1
URXR,AVAL,1
URXR,AVAR,1
URXR,AVEL,1
URXR,AVFR,1
URXR,AVM,1
URXR,AWAL,1
URXR,BAGL,1
URXR,BDUR,1
URXR,DA3,1
URXR,DA5,1
URXR,DA6,1
URXR,DA7,1
URXR,DA9,1
URXR,DB3,1
URXR,DB4,1
URXR,DB5,1
URXR,DB7,1
URXR,DD1,1
URXR,DD4,1
URXR,DD5,1
URXR,DD6,1
URXR,FLPL,1
URXR,FLPR,1
URXR,HSNR,1
URXR,I1L,1
URXR,IL2DR,1
URXR,IL2L,1
URXR,IL2R,1
URXR,M3R,1
URXR,OLLL,1
URXR,PHBL,1
URXR,PHBR,1
URXR,PLML,1
URXR,PVM,1
URXR,PVQL,1
URXR,PVQR,1
URXR,PVWL,1
URXR,PVWR,1
URXR,RIAL,1
URXR,RICL,1
URXR,RICR,1
URXR,RIFL,1
URXR,RMED,1
URXR,RMEL,1
URXR,RMER,1
URXR,RMEV,1
URXR,SAADL,1
URXR,SABD,1
URXR,SABVL,1
URXR,SDQL,1
URXR,SMBDL,1
URXR,URXL,1
URXR,URYDL,1
URXR,URYDR,1
URXR,URYVL,1
URXR,URYVR,1
URXR,VA1,1
URXR,VA3,1
URXR,VA5,1
URXR,VA6,1
URXR,VA9,1
URXR,VB10,1
URXR,VB11,1
URXR,VD11,1
URXR,VD12,1
URXR,VD2,1
URXR,VD3,1
URXR,VD5,1
URXR,VD8,1
VC1,ADFR,1
VC1,ALML,1
VC1,ASER,1
VC1,AWBR,1
VC1,DD5,1
VC1,DVA,1
VC1,IL2DL,1
VC1,IL2DR,1
VC1,IL2VL,1
VC1,OLQDL,1
VC1,PHAL,1
VC1,PHBL,1
VC1,PVCL,1
VC1,PVM,1
VC1,PVQR,1
VC1,SAADL,1
VC1,SABVL,1
VC1,URXL,1
VC1,VA4,1
VC1,VD9,1
VC2,ADFR,1
VC2,ALML,1
VC2,ASHL,1
VC2,AVEL,1
VC2,AVFR,1
VC2,BAGR,1
VC2,DB6,1
VC2,DD4,1
VC2,DD6,1
VC2,I2L,1
VC2,PHAR,1
VC2,PVDL,1
VC2,PVDR,1
VC2,PVWL,1
VC2,RICL,1
VC2,RMEL,1
VC2,URXL,1
VC2,VD12,1
VC2,VD2,1
VC2,VD7,1
VC3,AIAL,1
VC3,AIZL,1
VC3,AIZR,1
VC3,AS9,1
VC3,ASIL,1
VC3,ASKL,1
VC3,BAGL,1
VC3,I1L,1
VC3,IL2VR,1
VC3,M3L,1
VC3,OLQDL,1
VC3,OLQVL,1
VC3,PLML,1
VC3,RICL,1
VC3,RMEL,1
VC3,RMGL,1
VC3,URXL,1
VC3,URXR,1
VC3,URYDL,1
VC3,URYDR,1
VC4,ALML,1
VC4,ASGR,1
VC4,ASIL,1
VC4,AVDR,1
VC4,AVFL,1
VC4,BDUL,1
VC4,DD6,1
VC4,IL2L,1
VC4,OLLR,1
VC4,OLQDL,1
VC4,PHAR,1
VC4,PVCR,1
VC4,PVM,1
VC4,RIFL,1
VC4,RMED,1
VC4,RMEV,1
VC4,SABD,1
VC4,SMBDL,1
VC4,URYVL,1
VC4,VD10,1
VC5,AIYL,1
VC5,AIYR,1
VC5,ALMR,1
VC5,ASIL,1
VC5,ASIR,1
VC5,AUAR,1
VC5,AVAR,1
VC5,I1R,1
VC5,I2R,1
VC5,IL2L,1
VC5,OLQVL,1
VC5,PVR,1
VC5,RICR,1
VC5,SABVR,1
VC5,SMBDR,1
VC5,URXL,1
VC5,URYDR,1
VC5,VA3,1
VC5,VD1,1
VC5,VD11,1
VC6,ASEL,1
VC6,ASJR,1
VC6,AVFL,1
VC6,BDUR,1
VC6,FLPL,1
VC6,I1R,1
VC6,OLLR,1
VC6,OLQVL,1
VC6,OLQVR,1
VC6,PHAL,1
VC6,PHBL,1
VC6,PVCL,1
VC6,PVQR,1
VC6,PVWR,1
VC6,RIAL,1
VC6,RIFL,1
VC6,RMEL,1
VC6,URXR,1
VC6,URYVR,1
VC6,VD12,1
VD1,ADFL,1
VD1,AIAL,1
VD1,AIYL,1
VD1,AIZR,1
VD1,AS10,1
VD1,ASER,1
VD1,BAGR,1
VD1,DD3,1
VD1,HSNL,1
VD1,IL2L,1
VD1,M3R,1
VD1,PLMR,1
VD1,RIGR,1
VD1,RMEV,1
VD1,SAADR,1
VD1,SABVL,1
VD1,SMBDL,1
VD1,URYVR,1
VD1,VA5,1
VD1,VA7,1
VD10,AS1,1
VD10,ASKL,1
VD10,AVAL,1
VD10,AWAR,1
VD10,BAGL,1
VD10,DB1,1
VD10,DB2,1
VD10,FLPL,1
VD10,FLPR,1
VD10,HSNL,1
VD10,IL2R,1
VD10,OLLR,1
VD10,OLQDL,1
VD10,PHAL,1
VD10,RICL,1
VD10,URXL,1
VD10,URYVR,1
VD10,VA3,1
VD10,VD3,1
VD10,VD6,1
VD11,AS1,1
VD11,AS3,1
VD11,ASJL,1
VD11,ASJR,1
VD11,AVM,1
VD11,AWBL,1
VD11,DB3,1
VD11,FLPL,1
VD11,OLQDR,1
VD11,PHAL,1
VD11,PHBL,1
VD11,PVCR,1
VD11,PVDR,1
VD11,PVM,1
VD11,RIGR,1
VD11,URXL,1
VD11,URXR,1
VD11,VA11,1
VD11,VA2,1
VD11,VB1,1
VD12,ALMR,1
VD12,AS1,1
VD12,AS8,1
VD12,ASIL,1
VD12,AVFL,1
VD12,BDUL,1
VD12,BDUR,1
VD12,DD4,1
VD12,OLQDR,1
VD12,OLQVL,1
VD12,PVPR,1
VD12,PVQR,1
VD12,RMGL,1
VD12,RMGR,1
VD12,SABVR,1
VD12,SMBDR,1
VD12,VD1,1
VD12,VD11,1
VD12,VD7,1
VD12,VD9,1
VD13,ADLL,1
VD13,ADLR,1
VD13,AS10,1
VD13,ASJL,1
VD13,ASKR,1
VD13,AVM,1
VD13,AWAR,1
VD13,BDUR,1
VD13,DA5,1
VD13,DD3,1
VD13,IL2DL,1
VD13,OLQDR,1
VD13,OLQVR,1
VD13,PLML,1
VD13,PVDR,1
VD13,PVM,1
VD13,PVQL,1
VD13,PVWL,1
VD13,RIVL,1
VD13,SDQR,1
VD2,ALML,1
VD2,AS1,1
VD2,ASEL,1
VD2,ASKR,1
VD2,AVDL,1
VD2,BDUL,1
VD2,DB6,1
VD2,DD3,1
VD2,DVA,1
VD2,I1R,1
VD2,PVQR,1
VD2,RIAL,1
VD2,RIFR,1
VD2,RMED,1
VD2,SABVL,1
VD2,SDQL,1
VD2,URYDL,1
VD2,VD1,1
VD2,VD11,1
VD2,VD4,1
VD3,ASEL,1
VD3,ASGL,1
VD3,ASIL,1
VD3,ASIR,1
VD3,AVDR,1
VD3,AWAR,1
VD3,DB6,1
VD3,FLPL,1
VD3,HSNL,1
VD3,HSNR,1
VD3,I2R,1
VD3,M3R,1
VD3,OLQDL,1
VD3,OLQDR,1
VD3,RICL,1
VD3,SAADR,1
VD3,URYDR,1
VD3,VD1,1
VD3,VD5,1
VD3,VD8,1
VD4,ADFL,1
VD4,AIAR,1
VD4,AIYL,1
VD4,AS4,1
VD4,ASIR,1
VD4,ASKR,1
VD4,AVAL,1
VD4,DD4,1
VD4,I1R,1
VD4,PHAL,1
VD4,PHAR,1
VD4,PHBL,1
VD4,PVWR,1
VD4,RIAR,1
VD4,RICR,1
VD4,RIGL,1
VD4,RMER,1
VD4,RMGR,1
VD4,SMBDR,1
VD4,VD6,1
VD5,AIYL,1
VD5,AQR,1
VD5,AS10,1
VD5,ASHL,1
VD5,AUAL,1
VD5,AVDL,1
VD5,AVEL,1
VD5,AVER,1
VD5,DD5,1
VD5,FLPR,1
VD5,I1L,1
VD5,OLLR,1
VD5,OLQVR,1
VD5,PVDL,1
VD5,PVQL,1
VD5,PVWR,1
VD5,RIAR,1
VD5,RICL,1
VD5,URXR,1
VD5,VD13,1
VD6,ADLR,1
VD6,ASIL,1
VD6,ASJL,1
VD6,AVDL,1
VD6,AVDR,1
VD6,AVFL,1
VD6,DB6,1
VD6,I2R,1
VD6,M3R,1
VD6,OLQVL,1
VD6,PVCL,1
VD6,PVWL,1
VD6,RIFL,1
VD6,RIGL,1
VD6,RMER,1
VD6,RMEV,1
VD6,SMBDL,1
VD6,URXL,1
VD6,VA3,1
VD6,VD9,1
VD7,ADFR,1
VD7,ADLL,1
VD7,AIZL,1
VD7,AS2,1
VD7,AS5,1
VD7,AUAR,1
VD7,AVFR,1
VD7,AWBR,1
VD7,HSNL,1
VD7,I1R,1
VD7,I2L,1
VD7,OLLL,1
VD7,OLQDR,1
VD7,PLML,1
VD7,PVCR,1
VD7,SABVL,1
VD7,URYVR,1
VD7,VA3,1
VD7,VD11,1
VD7,VD6,1
VD8,ALML,1
VD8,AS1,1
VD8,AS10,1
VD8,ASHR,1
VD8,ASKL,1
VD8,ASKR,1
VD8,AUAL,1
VD8,AVAL,1
VD8,AVEL,1
VD8,AVFR,1
VD8,AWBR,1
VD8,OLLL,1
VD8,PVCL,1
VD8,PVWL,1
VD8,RIFR,1
VD8,RIVL,1
VD8,RMER,1
VD8,SMBDL,1
VD8,URYDL,1
VD8,URYVL,1
VD9,AVDL,1
VD9,AVDR,1
VD9,AVM,1
VD9,AWAR,1
VD9,BDUL,1
VD9,IL2VL,1
VD9,PLMR,1
VD9,PVDL,1
VD9,PVM,1
VD9,PVWL,1
VD9,RMEL,1
VD9,RMGR,1
VD9,SAADL,1
VD9,SAADR,1
VD9,SABVL,1
VD9,SABVR,1
VD9,URYVL,1
VD9,VA3,1
VD9,VD2,1
VD9,VD3,1
