ADAL,AIBR
ADAL,AIMR
ADAL,AINR
ADAL,AS10
ADAL,ASKR
ADAL,AVBL
ADAL,AVER
ADAL,AVHR
ADAL,AVJR
ADAL,AVKL
ADAL,AWBR
ADAL,DB1
ADAL,DVC
ADAL,HSNR
ADAL,I1L
ADAL,IL1L
ADAL,IL1VL
ADAL,PVQR
ADAL,PVWL
ADAL,RIAL
ADAL,RIBL
ADAL,RIH
ADAL,RIMR
ADAL,RMGL
ADAL,URADL
ADAR,ADER
ADAR,AIBL
ADAR,AIZR
ADAR,ASER
ADAR,AVAL
ADAR,AVG
ADAR,AWCL
ADAR,CEPVR
ADAR,I5
ADAR,IL1R
ADAR,IL1VR
ADAR,OLQDR
ADAR,PDER
ADAR,PVCL
ADAR,PVCR
ADAR,PVQL
ADAR,RICR
ADAR,RMDDL
ADAR,SABVR
ADAR,URXR
ADAR,VD2
ADAR,VD3
ADEL,ADFR
ADEL,AIBR
ADEL,ASIL
ADEL,AVAL
ADEL,AVBL
ADEL,AVBR
ADEL,AVDL
ADEL,AVKL
ADEL,CEPDL
ADEL,DB4
ADEL,DD2
ADEL,DD3
ADEL,DVC
ADEL,HSNL
ADEL,IL1R
ADEL,IL2R
ADEL,LUAL
ADEL,PVNR
ADEL,RMDR
ADEL,RMEV
ADEL,SAADL
ADEL,SIADL
ADEL,SIBVR
ADEL,SMBVL
ADEL,URXR
ADEL,VA5
ADEL,VA6
ADEL,VC2
ADEL,VD1
ADER,AQR
ADER,AS1
ADER,ASER
ADER,ASHR
ADER,AVAR
ADER,AVBR
ADER,AVDR
ADER,AVEL
ADER,AVER
ADER,AVKL
ADER,AWBL
ADER,AWCR
ADER,DA8
ADER,DD2
ADER,I4
ADER,OLQVL
ADER,PQR
ADER,RIGL
ADER,RIS
ADER,RMDVR
ADER,SMDVL
ADER,URADR
ADER,VD5
ADFL,AVDR
ADFL,HSNR
ADFL,PVNL
ADFL,RIBR
ADFL,RIMR
ADFL,RIS
ADFL,RMED
ADFL,SAADL
ADFL,SMDVR
ADFL,VD3
ADFR,AS1
ADFR,AVAL
ADFR,AVDL
ADFR,AVEL
ADFR,AWAL
ADFR,CEPDR
ADFR,DA6
ADFR,DB6
ADFR,IL2VR
ADFR,OLLR
ADFR,PHAR
ADFR,PVCL
ADFR,PVCR
ADFR,SABVR
ADFR,URBL
ADFR,VA11
ADFR,VB1
ADLL,AINL
ADLL,AS1
ADLL,AUAR
ADLL,AVAR
ADLL,AVBR
ADLL,AVJL
ADLL,BAGL
ADLL,DB3
ADLL,IL1R
ADLL,IL1VR
ADLL,LUAL
ADLL,NSML
ADLL,NSMR
ADLL,OLQDR
ADLL,PVCL
ADLL,PVNL
ADLL,RIBL
ADLL,RIML
ADLL,RMDDL
ADLL,VB6
ADLL,VC5
ADLR,AQR
ADLR,ASHR
ADLR,AVAR
ADLR,AVHL
ADLR,AVKR
ADLR,AWAL
ADLR,DD6
ADLR,HSNR
ADLR,M3L
ADLR,PVPR
ADLR,PVQR
ADLR,RIAL
ADLR,RIBR
ADLR,RIS
ADLR,SAADR
ADLR,SABD
ADLR,VD10
AFDL,AVHR
AFDL,RMFL
AFDL,SIAVR
AFDL,VA4
AFDL,VB1
AFDL,VB7
AFDR,AIBL
AFDR,AINR
AFDR,AVKL
AFDR,DB5
AFDR,RIGR
AFDR,RIVL
AFDR,RMDR
AFDR,RMHR
AIAL,AS5
AIAL,ASER
AIAL,AVAR
AIAL,AVDL
AIAL,AVER
AIAL,AVKR
AIAL,AVM
AIAL,BDUL
AIAL,CEPDL
AIAL,DVA
AIAL,DVC
AIAL,I5
AIAL,PLMR
AIAL,PVDL
AIAL,PVR
AIAL,RIML
AIAL,RIVR
AIAL,RMDL
AIAL,SAADL
AIAL,SMBDR
AIAL,VB3
AIAR,AIBR
AIAR,AVAL
AIAR,AVBL
AIAR,AVEL
AIAR,AVER
AIAR,AVKL
AIAR,HSNL
AIAR,PDER
AIAR,RIAR
AIAR,RIGL
AIAR,RIPL
AIAR,RMEV
AIAR,RMGL
AIAR,SIADR
AIAR,SIAVL
AIAR,SIBDL
AIAR,VB6
AIBL,AIML
AIBL,ALNL
AIBL,ASIR
AIBL,AVAL
AIBL,AVAR
AIBL,AVDR
AIBL,AVHL
AIBL,AVHR
AIBL,AVJL
AIBL,AWBL
AIBL,CEPDL
AIBL,CEPVL
AIBL,DB3
AIBL,FLPL
AIBL,HSNR
AIBL,IL1DR
AIBL,IL1L
AIBL,IL2VR
AIBL,MI
AIBL,OLLR
AIBL,OLQVL
AIBL,PVCL
AIBL,PVCR
AIBL,PVT
AIBL,RIAL
AIBL,RIH
AIBL,RMEV
AIBL,RMGR
AIBL,URYDL
AIBL,VA9
AIBL,VC2
AIBL,VD11
AIBR,AIYR
AIBR,AVAL
AIBR,AVAR
AIBR,AVBL
AIBR,AVBR
AIBR,AVDR
AIBR,AVJR
AIBR,CEPVR
AIBR,DA1
AIBR,DA2
AIBR,DB5
AIBR,DVC
AIBR,I3
AIBR,M1
AIBR,OLQDR
AIBR,PVCL
AIBR,RIAL
AIBR,RIAR
AIBR,RIGL
AIBR,RIPR
AIBR,RIS
AIBR,RMDVR
AIBR,RMER
AIBR,RMFL
AIBR,RMGL
AIBR,SABD
AIBR,SABVR
AIBR,SIBDR
AIBR,URADL
AIBR,URADR
AIBR,URXL
AIBR,VA11
AIBR,VA12
AIBR,VA3
AIBR,VB3
AIBR,VD6
AIML,AVKL
AIML,DVA
AIML,PHBL
AIML,PHBR
AIML,PLMR
AIML,PVCR
AIML,PVNL
AIML,PVPR
AIML,RIMR
AIML,RMDDL
AIML,RMEV
AIML,SIBVR
AIML,SMDDR
AIML,VA10
AIML,VA2
AIML,VC1
AIMR,ASER
AIMR,AVAR
AIMR,AVBL
AIMR,AVEL
AIMR,AVKL
AIMR,DVA
AIMR,IL2DR
AIMR,PDEL
AIMR,PHBL
AIMR,PVPL
AIMR,PVPR
AIMR,SIAVL
AINL,ASKR
AINL,RIS
AINL,RMDDR
AINL,RMDL
AINL,RMDR
AINL,URXL
AINL,VD1
AINL,VD10
AINR,AVAR
AINR,AVBR
AINR,AVEL
AINR,AVER
AINR,AWAR
AINR,BAGL
AINR,M3R
AINR,OLQDL
AINR,PVM
AINR,RIBL
AINR,SMBVR
AIYL,AUAL
AIYL,AVKR
AIYL,OLQVL
AIYL,PDEL
AIYL,PVCL
AIYL,PVQL
AIYL,RICL
AIYL,RMDVR
AIYL,SIADL
AIYL,SMDDR
AIYL,SMDVR
AIYL,VA2
AIYL,VB10
AIYL,VB5
AIYL,VC3
AIYR,AIZL
AIYR,ASJR
AIYR,AWAR
AIYR,AWBR
AIYR,DA3
AIYR,DVA
AIYR,IL1L
AIYR,PLMR
AIYR,PVNL
AIYR,RMEV
AIYR,SMBVR
AIYR,VB10
AIYR,VD1
AIZL,AS3
AIZL,AS6
AIZL,ASER
AIZL,AVAL
AIZL,AVBR
AIZL,AVDL
AIZL,AVDR
AIZL,AVFL
AIZL,AVJL
AIZL,AWAR
AIZL,CEPDR
AIZL,DB4
AIZL,I2R
AIZL,I3
AIZL,M2L
AIZL,OLQVR
AIZL,PVCL
AIZL,PVCR
AIZL,PVR
AIZL,PVT
AIZL,RMDDR
AIZL,RMGR
AIZL,SMDDL
AIZR,AS3
AIZR,ASER
AIZR,ASKL
AIZR,AVAR
AIZR,AVBR
AIZR,AVHL
AIZR,AVHR
AIZR,AVJR
AIZR,AVKL
AIZR,DA3
AIZR,DA8
AIZR,IL1DL
AIZR,PVDR
AIZR,PVPR
AIZR,PVR
AIZR,RIGR
AIZR,RIH
AIZR,RIML
AIZR,RIR
AIZR,RMDVR
AIZR,URXL
AIZR,VB9
AIZR,VD7
ALA,AVFR
ALA,DA1
ALA,DD2
ALA,PQR
ALA,SAADL
ALA,VA12
ALA,VA9
ALA,VC2
ALML,AQR
ALML,AS4
ALML,AVAL
ALML,AVER
ALML,AVHL
ALML,CEPDL
ALML,DVA
ALML,HSNR
ALML,MCL
ALML,PVPR
ALML,PVT
ALML,RMDDL
ALML,RMDVL
ALML,VD6
ALMR,AVAL
ALMR,AVBR
ALMR,BAGR
ALMR,DD2
ALMR,NSMR
ALMR,RMDVR
ALMR,RMGL
ALNL,AVDL
ALNL,DD3
ALNL,IL2VR
ALNL,RIH
ALNR,AVAL
ALNR,AVAR
ALNR,AVER
ALNR,DA1
ALNR,DD1
ALNR,NSML
ALNR,PVR
ALNR,RICL
AQR,AS3
AQR,ASGL
AQR,AUAR
AQR,AVAR
AQR,AVDR
AQR,AVER
AQR,DA2
AQR,DVA
AQR,DVC
AQR,HSNR
AQR,I1R
AQR,PDER
AQR,PHCR
AQR,PLML
AQR,PVPR
AQR,RIMR
AQR,SAADL
AQR,SMDVL
AS1,AS4
AS1,ASHL
AS1,AVBR
AS1,AVM
AS1,AWCR
AS1,PVWL
AS1,RIPR
AS1,RMDVL
AS1,RMGR
AS10,AVG
AS10,DVC
AS10,M5
AS10,SMDDL
AS10,SMDVL
AS11,AVAR
AS11,FLPL
AS11,I4
AS11,RIBL
AS11,RIR
AS11,RMHR
AS11,URBR
AS2,AVAR
AS2,AVEL
AS2,AVFL
AS2,BAGR
AS2,DD1
AS2,M3L
AS2,RIPL
AS2,RMEL
AS2,URAVR
AS2,VB8
AS3,AS5
AS3,AVBL
AS3,AVDR
AS3,HSNR
AS3,IL1DR
AS3,IL1R
AS3,RIR
AS3,SAAVR
AS3,VB9
AS4,AVAL
AS4,AVAR
AS4,AVDL
AS4,AVEL
AS4,PVNR
AS4,RIAL
AS4,RIBL
AS5,AWCL
AS5,DB3
AS5,FLPR
AS5,LUAR
AS5,PHCR
AS5,RIBL
AS5,RIML
AS5,RMDVR
AS5,URXL
AS5,URYDL
AS6,ASHR
AS6,AVAR
AS6,I2R
AS6,PDB
AS6,PVCL
AS6,PVT
AS6,RICL
AS6,VC1
AS7,AVER
AS7,AVHR
AS7,IL2R
AS7,RIGR
AS8,AVAR
AS8,HSNL
AS9,AVAR
AS9,RIBL
AS9,RICL
AS9,SDQL
ASEL,AUAL
ASEL,AVAR
ASEL,AVBL
ASEL,AVBR
ASEL,AVER
ASEL,DB3
ASEL,DB6
ASEL,DD2
ASEL,DVA
ASEL,MI
ASEL,RIAR
ASEL,RMDVR
ASEL,SAAVL
ASEL,URAVL
ASEL,VD4
ASER,AVAR
ASER,AVBL
ASER,DB3
ASER,IL2L
ASER,OLLL
ASER,PDA
ASER,PVT
ASER,RMDVR
ASER,SMDDL
ASER,VD10
ASGL,AVAR
ASGL,FLPR
ASGL,PDEL
ASGL,RID
ASGL,RMEV
ASGL,RMGL
ASGR,AVDL
ASGR,IL2DL
ASGR,PVPR
ASGR,PVR
ASGR,RMDL
ASGR,SDQR
ASGR,SIBDR
ASGR,SMBDR
ASGR,VD13
ASHL,AVAL
ASHL,AVHL
ASHL,AVJR
ASHL,AVL
ASHL,BAGL
ASHL,CEPDL
ASHL,DD1
ASHL,OLQDL
ASHL,PVCL
ASHL,PVNR
ASHL,PVWL
ASHL,RIGL
ASHL,RMDL
ASHL,RMER
ASHL,RMEV
ASHL,URBL
ASHL,VB1
ASHL,VD1
ASHL,VD12
ASHR,AVAR
ASHR,AVDL
ASHR,AVFL
ASHR,AVHR
ASHR,DB2
ASHR,HSNL
ASHR,NSMR
ASHR,OLQDR
ASHR,PHBR
ASHR,PQR
ASHR,PVQR
ASHR,PVWR
ASHR,RIBL
ASHR,RIGR
ASHR,RMDVL
ASHR,RMEV
ASHR,SIBVL
ASHR,URYVL
ASHR,VC2
ASIL,AVBR
ASIL,I1R
ASIL,M1
ASIL,PVPL
ASIL,PVPR
ASIL,PVQR
ASIL,VA8
ASIL,VC3
ASIL,VD13
ASIR,AUAL
ASIR,AVDR
ASIR,AWCR
ASIR,FLPR
ASIR,PDA
ASIR,RMFR
ASIR,SMDVR
ASJL,AVBR
ASJL,AVL
ASJL,CEPDR
ASJL,RIGL
ASJL,VB1
ASJL,VD4
ASJR,AVBL
ASJR,AVDR
ASJR,SMBDR
ASJR,VB10
ASJR,VB5
ASKL,AVAL
ASKL,CEPVR
ASKL,DA4
ASKL,DVA
ASKL,IL1VL
ASKL,PVNR
ASKL,RMED
ASKL,RMHL
ASKL,VA7
ASKL,VD4
ASKL,VD5
ASKR,AVAL
ASKR,AVER
ASKR,AWBL
ASKR,DVA
ASKR,PVPR
ASKR,RIFR
ASKR,RMHR
ASKR,VA4
AUAL,AVAR
AUAL,AVER
AUAL,AVHL
AUAL,AVHR
AUAL,AWBL
AUAL,AWCR
AUAL,PVT
AUAL,RIBR
AUAL,URBR
AUAL,VA9
AUAR,AVAL
AUAR,AVAR
AUAR,AVBL
AUAR,AVBR
AUAR,AVKR
AUAR,CEPVL
AUAR,I2L
AUAR,IL2VL
AUAR,PHAL
AUAR,SIBVR
AUAR,URADR
AUAR,VB9
AVAL,AVBL
AVAL,AVBR
AVAL,AVDL
AVAL,AVDR
AVAL,AVEL
AVAL,AVHL
AVAL,AVHR
AVAL,AVJR
AVAL,AVL
AVAL,AVM
AVAL,BAGL
AVAL,CEPDL
AVAL,CEPDR
AVAL,CEPVR
AVAL,DA3
AVAL,DA4
AVAL,DD3
AVAL,DVA
AVAL,DVC
AVAL,HSNL
AVAL,HSNR
AVAL,I1R
AVAL,IL1R
AVAL,IL2DR
AVAL,IL2L
AVAL,IL2VR
AVAL,LUAL
AVAL,M3L
AVAL,M5
AVAL,NSML
AVAL,PDEL
AVAL,PHAR
AVAL,PHBR
AVAL,PVCL
AVAL,PVCR
AVAL,PVM
AVAL,PVNL
AVAL,PVQL
AVAL,PVR
AVAL,RIAR
AVAL,RIBR
AVAL,RICR
AVAL,RID
AVAL,RIFR
AVAL,RIMR
AVAL,RIPL
AVAL,RIR
AVAL,RIS
AVAL,RIVL
AVAL,RMDVR
AVAL,RMFL
AVAL,RMGL
AVAL,SAADR
AVAL,SABVL
AVAL,SIAVR
AVAL,SMBDR
AVAL,SMBVR
AVAL,SMDDL
AVAL,SMDDR
AVAL,SMDVR
AVAL,URAVR
AVAL,URYDR
AVAL,URYVR
AVAL,VA3
AVAL,VA6
AVAL,VA8
AVAL,VB11
AVAL,VB5
AVAL,VB6
AVAL,VB7
AVAL,VB8
AVAL,VC1
AVAL,VC3
AVAL,VD1
AVAL,VD13
AVAL,VD3
AVAL,VD6
AVAR,AVBR
AVAR,AVDR
AVAR,AVEL
AVAR,AVER
AVAR,AVFR
AVAR,AVG
AVAR,AVHL
AVAR,AVJR
AVAR,AVL
AVAR,AWAR
AVAR,AWBL
AVAR,CEPVL
AVAR,CEPVR
AVAR,DA9
AVAR,DB4
AVAR,DD1
AVAR,DD2
AVAR,DVA
AVAR,DVB
AVAR,DVC
AVAR,FLPL
AVAR,HSNL
AVAR,I1L
AVAR,I5
AVAR,IL1L
AVAR,IL2L
AVAR,M1
AVAR,M2R
AVAR,M3L
AVAR,OLLL
AVAR,OLQDR
AVAR,PDB
AVAR,PDER
AVAR,PHAL
AVAR,PHBL
AVAR,PVCL
AVAR,PVM
AVAR,PVQR
AVAR,PVT
AVAR,RIAR
AVAR,RIBR
AVAR,RICR
AVAR,RID
AVAR,RIFR
AVAR,RIGL
AVAR,RIH
AVAR,RIPR
AVAR,RMDDR
AVAR,RMDVR
AVAR,RMER
AVAR,RMFL
AVAR,SAAVR
AVAR,SDQL
AVAR,SIBDR
AVAR,SMDDR
AVAR,SMDVR
AVAR,URADL
AVAR,URAVL
AVAR,URYDR
AVAR,VA12
AVAR,VA3
AVAR,VA4
AVAR,VA7
AVAR,VA8
AVAR,VB2
AVAR,VB6
AVAR,VB8
AVAR,VC3
AVAR,VD3
AVAR,VD4
AVBL,AVDL
AVBL,AVDR
AVBL,AVEL
AVBL,AVFL
AVBL,AVG
AVBL,AVHR
AVBL,AVKL
AVBL,AVL
AVBL,AVM
AVBL,AWAR
AVBL,BAGL
AVBL,BAGR
AVBL,BDUL
AVBL,CEPDL
AVBL,DA3
AVBL,DB1
AVBL,DB2
AVBL,DD3
AVBL,DD6
AVBL,HSNR
AVBL,I4
AVBL,IL1DL
AVBL,IL1R
AVBL,IL1VL
AVBL,IL2L
AVBL,M2L
AVBL,M3L
AVBL,OLLR
AVBL,OLQVL
AVBL,OLQVR
AVBL,PHBR
AVBL,PHCL
AVBL,PVNR
AVBL,PVPL
AVBL,PVPR
AVBL,PVR
AVBL,RIAL
AVBL,RIAR
AVBL,RIBL
AVBL,RIGR
AVBL,RIH
AVBL,RIML
AVBL,RIMR
AVBL,RIPL
AVBL,RIPR
AVBL,RMDDL
AVBL,RMDL
AVBL,RMEL
AVBL,SAAVR
AVBL,SIADL
AVBL,SIBDL
AVBL,SIBVL
AVBL,SIBVR
AVBL,URBL
AVBL,URYDL
AVBL,VA4
AVBL,VA8
AVBL,VB4
AVBL,VB6
AVBL,VB7
AVBL,VB9
AVBL,VC2
AVBL,VD1
AVBL,VD4
AVBR,AVDR
AVBR,AVEL
AVBR,AVER
AVBR,AVJL
AVBR,AVKR
AVBR,AWAL
AVBR,BAGR
AVBR,BDUL
AVBR,CEPVL
AVBR,DA2
AVBR,DA4
AVBR,DA5
AVBR,DA6
AVBR,DB4
AVBR,DB7
AVBR,FLPL
AVBR,FLPR
AVBR,IL1L
AVBR,IL1VL
AVBR,IL2L
AVBR,IL2VL
AVBR,M2R
AVBR,M3R
AVBR,OLQDL
AVBR,OLQVL
AVBR,PHBL
AVBR,PHBR
AVBR,PVCR
AVBR,PVNL
AVBR,PVPL
AVBR,PVT
AVBR,RIAL
AVBR,RIBL
AVBR,RID
AVBR,RIFR
AVBR,RIGL
AVBR,RIH
AVBR,RIML
AVBR,RIMR
AVBR,RIPR
AVBR,RMDVL
AVBR,RMDVR
AVBR,RMED
AVBR,RMER
AVBR,RMGL
AVBR,RMGR
AVBR,SAADL
AVBR,SAADR
AVBR,SAAVR
AVBR,URADR
AVBR,URXL
AVBR,URYVR
AVBR,VA3
AVBR,VA8
AVBR,VB2
AVBR,VC2
AVBR,VC3
AVBR,VD10
AVBR,VD7
AVDL,AVEL
AVDL,AVG
AVDL,AVJL
AVDL,AVKR
AVDL,AWBR
AVDL,DA3
AVDL,DA4
AVDL,DA6
AVDL,DA9
AVDL,DB3
AVDL,DVA
AVDL,IL1DR
AVDL,IL2L
AVDL,MCL
AVDL,NSML
AVDL,OLLR
AVDL,PQR
AVDL,PVCL
AVDL,RIAL
AVDL,RIBL
AVDL,RIBR
AVDL,RICL
AVDL,RIGL
AVDL,RIH
AVDL,RMDDL
AVDL,RMDL
AVDL,RMGL
AVDL,RMGR
AVDL,SABVR
AVDL,SMDDL
AVDL,URAVR
AVDL,URXR
AVDL,VA9
AVDL,VC1
AVDR,AVEL
AVDR,AVER
AVDR,AVFR
AVDR,AVJR
AVDR,AVKL
AVDR,AVKR
AVDR,AVL
AVDR,BDUR
AVDR,CEPDL
AVDR,CEPVR
AVDR,DB1
AVDR,DB4
AVDR,DD3
AVDR,FLPR
AVDR,OLQVL
AVDR,PHBL
AVDR,PHCL
AVDR,PLMR
AVDR,PVCL
AVDR,PVNR
AVDR,PVR
AVDR,PVT
AVDR,PVWL
AVDR,RIBR
AVDR,RIMR
AVDR,RMDL
AVDR,RMGR
AVDR,SAADL
AVDR,SAADR
AVDR,SAAVR
AVDR,SIBVL
AVDR,SMBDR
AVDR,SMBVL
AVDR,SMDVL
AVDR,URBL
AVDR,URBR
AVDR,VA12
AVDR,VA9
AVDR,VB2
AVDR,VC1
AVDR,VC5
AVDR,VD7
AVEL,AVFL
AVEL,AVFR
AVEL,AVKR
AVEL,AWAL
AVEL,AWBR
AVEL,CEPVR
AVEL,DA9
AVEL,DB2
AVEL,DB4
AVEL,IL1DR
AVEL,IL1R
AVEL,IL2DL
AVEL,IL2R
AVEL,LUAL
AVEL,M1
AVEL,PDEL
AVEL,PDER
AVEL,PHBR
AVEL,PVDL
AVEL,PVM
AVEL,PVQR
AVEL,RIAR
AVEL,RIBR
AVEL,RICR
AVEL,RIFL
AVEL,RIGR
AVEL,RIML
AVEL,RIR
AVEL,RIS
AVEL,RMDVR
AVEL,RMER
AVEL,RMGL
AVEL,RMGR
AVEL,SAAVL
AVEL,SMDDR
AVEL,URAVR
AVEL,URXR
AVEL,URYDL
AVEL,VA3
AVEL,VA8
AVEL,VD1
AVEL,VD3
AVER,AVFR
AVER,AVJL
AVER,AWCL
AVER,DA5
AVER,DB7
AVER,DD1
AVER,DD3
AVER,FLPR
AVER,HSNR
AVER,I4
AVER,IL2VR
AVER,M1
AVER,M3L
AVER,MCL
AVER,OLLR
AVER,PDER
AVER,PLML
AVER,PVNL
AVER,PVPR
AVER,PVQL
AVER,PVR
AVER,PVT
AVER,RIGR
AVER,RIMR
AVER,RIPR
AVER,RIS
AVER,RMDR
AVER,RMDVR
AVER,RMED
AVER,RMGR
AVER,SAAVL
AVER,SABD
AVER,SIBVR
AVER,SMBVR
AVER,SMDDR
AVER,URBR
AVER,URYVL
AVER,VA9
AVER,VB1
AVER,VC4
AVER,VD4
AVFL,AVHR
AVFL,AVJL
AVFL,AVKL
AVFL,AWCR
AVFL,DA2
AVFL,I4
AVFL,M3R
AVFL,PVCR
AVFL,PVPL
AVFL,RICR
AVFL,RIFL
AVFL,SABD
AVFL,SMDVR
AVFL,VA8
AVFL,VA9
AVFL,VC1
AVFL,VC4
AVFR,CEPVL
AVFR,DA4
AVFR,LUAR
AVFR,M3R
AVFR,PVCL
AVFR,PVQR
AVFR,PVT
AVFR,RIMR
AVFR,RMER
AVFR,SIBVL
AVFR,URADL
AVFR,URYDR
AVFR,URYVL
AVFR,VA2
AVG,AVJR
AVG,AVKL
AVG,AWAL
AVG,CEPDR
AVG,DA1
AVG,IL1L
AVG,IL1VL
AVG,MCL
AVG,MI
AVG,OLQVL
AVG,PVCL
AVG,PVT
AVG,RIAR
AVG,RICL
AVG,URYDL
AVG,VC2
AVG,VD1
AVHL,AVJL
AVHL,AWCL
AVHL,CEPDR
AVHL,DA9
AVHL,MCL
AVHL,OLQDL
AVHL,PVCR
AVHL,RIAR
AVHL,RIGR
AVHL,RIVR
AVHL,SDQR
AVHL,SIBDL
AVHL,SMBVL
AVHL,URYVL
AVHL,VC5
AVHL,VD5
AVHR,AVKR
AVHR,DA2
AVHR,DB2
AVHR,FLPR
AVHR,IL2DR
AVHR,RIAR
AVHR,RIFR
AVHR,RIML
AVHR,RIR
AVHR,SDQL
AVHR,SMBDL
AVHR,VC3
AVJL,AVL
AVJL,AWBR
AVJL,AWCR
AVJL,DA6
AVJL,HSNR
AVJL,I2L
AVJL,IL1VL
AVJL,IL2L
AVJL,OLQVR
AVJL,PVCL
AVJL,PVWR
AVJL,RIBR
AVJL,RIGL
AVJL,RIGR
AVJL,RIMR
AVJL,RIVR
AVJL,RMDDR
AVJL,RMEV
AVJL,SAADR
AVJL,SMBDL
AVJL,SMDVL
AVJL,VB2
AVJL,VD1
AVJR,CEPVR
AVJR,DA5
AVJR,DB5
AVJR,DVA
AVJR,I5
AVJR,M2R
AVJR,OLQDR
AVJR,PHBR
AVJR,RIBL
AVJR,RIH
AVJR,RIR
AVJR,RIS
AVJR,RIVL
AVJR,RMDL
AVJR,RMGL
AVJR,SABVL
AVJR,SMDDR
AVJR,SMDVL
AVJR,URBL
AVJR,VA4
AVJR,VD6
AVKL,AWBR
AVKL,CEPVR
AVKL,DA1
AVKL,DB2
AVKL,HSNR
AVKL,OLLL
AVKL,RIAR
AVKL,RIBR
AVKL,RICL
AVKL,RIGL
AVKL,RIMR
AVKL,RIS
AVKL,RIVR
AVKL,RMDVL
AVKL,RMEV
AVKL,RMGL
AVKL,SAAVL
AVKL,SMDDR
AVKL,SMDVL
AVKL,VA1
AVKL,VA9
AVKL,VD9
AVKR,AVL
AVKR,CEPVR
AVKR,DD2
AVKR,IL1R
AVKR,LUAL
AVKR,M3L
AVKR,PVQL
AVKR,PVQR
AVKR,RIAR
AVKR,RIGL
AVKR,RIMR
AVKR,RMDL
AVKR,RMEL
AVKR,SMDDR
AVKR,URYDL
AVL,AWBR
AVL,DVA
AVL,HSNL
AVL,I1R
AVL,I2L
AVL,I5
AVL,OLLL
AVL,OLQVL
AVL,PVWR
AVL,RICL
AVL,RIML
AVL,RIPL
AVL,SABVR
AVL,SIBDR
AVL,URYVR
AVL,VA12
AVL,VB7
AVL,VD1
AVL,VD2
AVM,CEPDR
AVM,CEPVR
AVM,IL2DL
AVM,NSML
AVM,PLMR
AVM,PVCL
AVM,PVT
AVM,RIML
AVM,RMDVL
AVM,SAAVL
AVM,SMDDR
AVM,VA2
AVM,VA3
AVM,VA5
AVM,VB7
AWAL,AWBL
AWAL,DD3
AWAL,OLLL
AWAL,RIS
AWAR,CEPDR
AWAR,DD3
AWAR,FLPL
AWAR,I3
AWAR,PQR
AWAR,PVQR
AWAR,RIBR
AWAR,RMDVR
AWAR,VB11
AWAR,VB4
AWBL,DB4
AWBL,M2L
AWBL,OLLR
AWBL,RIFR
AWBL,RMDDR
AWBL,RMDR
AWBL,VA12
AWBR,DB4
AWBR,DD3
AWBR,M2L
AWBR,MCR
AWBR,PVCL
AWBR,RICL
AWBR,RIPL
AWBR,RMDDR
AWCL,CEPVR
AWCL,DA2
AWCL,DD4
AWCL,M4
AWCL,PVCR
AWCL,RIBL
AWCL,RIVR
AWCL,VD10
AWCR,CEPVL
AWCR,DD2
AWCR,PVNL
AWCR,RIAR
AWCR,RID
AWCR,VB1
BAGL,BAGR
BAGL,CEPDL
BAGL,IL1VR
BAGL,OLQVL
BAGL,RIMR
BAGL,SMDDR
BAGL,VD1
BAGL,VD13
BAGR,HSNL
BAGR,IL1DL
BAGR,IL1DR
BAGR,PHAL
BAGR,PVDR
BAGR,SAADL
BAGR,VA11
BDUL,CEPVR
BDUL,DD2
BDUL,DVA
BDUL,PVCR
BDUL,PVQR
BDUL,RIGL
BDUL,RIML
BDUL,VC2
BDUR,DA9
BDUR,DD2
BDUR,IL1L
BDUR,IL1VL
BDUR,OLLL
BDUR,PVCR
BDUR,RMEL
BDUR,RMER
BDUR,SABD
BDUR,SMDDR
BDUR,VB1
BDUR,VB10
CEPDL,DA5
CEPDL,DVA
CEPDL,FLPR
CEPDL,IL1R
CEPDL,NSMR
CEPDL,PVNR
CEPDL,RIGR
CEPDL,RMDVL
CEPDL,RMHL
CEPDL,VB1
CEPDL,VB9
CEPDR,DA1
CEPDR,DB6
CEPDR,DVA
CEPDR,I3
CEPDR,IL1L
CEPDR,OLLR
CEPDR,OLQVR
CEPDR,PVCL
CEPDR,PVPL
CEPDR,RIAR
CEPDR,RIBL
CEPDR,RIGR
CEPDR,RIH
CEPDR,RMDR
CEPDR,VB2
CEPDR,VB5
CEPVL,DB4
CEPVL,DD6
CEPVL,I2R
CEPVL,IL1VL
CEPVL,M5
CEPVL,OLQVL
CEPVL,RIML
CEPVL,VB3
CEPVL,VD12
CEPVL,VD4
CEPVR,I3
CEPVR,PVCL
CEPVR,PVNL
CEPVR,PVQR
CEPVR,RID
CEPVR,VB10
DA1,DVA
DA1,IL2VL
DA1,OLLR
DA1,PVWR
DA1,RIML
DA1,SIAVR
DA1,URBR
DA1,VB6
DA2,PVCL
DA2,PVCR
DA2,PVQL
DA2,RIAL
DA2,RIBR
DA2,SAAVR
DA2,SDQL
DA2,SMDVL
DA2,URADR
DA2,VB9
DA3,DD6
DA3,FLPL
DA3,HSNR
DA3,OLQVR
DA3,PVCR
DA3,SABVL
DA3,VA4
DA3,VA8
DA3,VD1
DA4,DVA
DA4,OLQDR
DA4,RIVL
DA4,RMGL
DA4,SABVL
DA4,SMBVL
DA4,URYVR
DA5,DD1
DA5,PQR
DA5,PVR
DA5,RIAL
DA5,RICR
DA5,RIH
DA5,RMER
DA5,SMDDL
DA5,VA2
DA6,M2R
DA6,RICL
DA6,RMDR
DA6,SABVR
DA7,IL2DL
DA7,RIS
DA8,IL1DL
DA8,PVCL
DA8,RIBL
DA8,RMDDR
DA8,RMEV
DA8,URBR
DA8,VA4
DA8,VB11
DA9,FLPR
DA9,I6
DA9,M3R
DA9,RIVL
DA9,RMDDL
DA9,RMEL
DA9,RMGL
DA9,VA11
DB1,DVA
DB1,FLPL
DB1,IL2DL
DB1,M1
DB1,PVCR
DB1,PVQL
DB1,RIBL
DB1,RMDDR
DB1,RMEV
DB1,SMDDL
DB1,SMDDR
DB1,VD4
DB1,VD6
DB2,DB7
DB2,HSNL
DB2,PVNL
DB2,RIVL
DB2,RMER
DB2,URBL
DB2,VB10
DB2,VC3
DB3,DVA
DB3,FLPR
DB3,MI
DB3,PLNL
DB3,PVCR
DB3,PVR
DB3,RID
DB3,RMGR
DB3,SDQL
DB3,SMBDL
DB3,URYVR
DB3,VA1
DB3,VA12
DB4,DD5
DB4,PVCR
DB4,RMEL
DB4,SIBVL
DB4,SMBDL
DB5,MI
DB5,RIGL
DB5,VA5
DB5,VD12
DB6,PVNL
DB6,RICL
DB6,RMDR
DB6,SAADR
DB7,OLQDL
DB7,OLQVR
DB7,RIGL
DB7,VD5
DD1,HSNL
DD1,I1L
DD1,IL2DL
DD1,LUAL
DD1,PVCL
DD1,PVR
DD1,PVT
DD1,RIAL
DD1,RIAR
DD1,RICL
DD1,RMGR
DD1,SIBDR
DD1,SMDVL
DD1,VC3
DD1,VD13
DD2,I1R
DD2,LUAR
DD2,M1
DD2,PVCL
DD2,PVDL
DD2,RIVR
DD2,RMDR
DD2,SIBDR
DD2,VC1
DD2,VD5
DD3,PDEL
DD3,RIBL
DD3,RIPL
DD3,URYVL
DD3,VB7
DD4,IL1VL
DD4,OLLL
DD4,PVDR
DD4,RIBR
DD4,RIH
DD4,RMDR
DD4,SMDDL
DD5,PDA
DD5,PVCL
DD5,PVPR
DD5,RMGR
DD5,SMBVL
DD6,DVC
DD6,LUAL
DD6,PVCL
DD6,RMDVL
DVA,DVB
DVA,HSNR
DVA,I1R
DVA,I3
DVA,IL1DR
DVA,OLLR
DVA,PDEL
DVA,PDER
DVA,PVCL
DVA,PVCR
DVA,PVPL
DVA,PVR
DVA,PVWL
DVA,RIAL
DVA,RIFL
DVA,RIFR
DVA,RIGR
DVA,RIML
DVA,RMDL
DVA,RMEL
DVA,RMER
DVA,RMGR
DVA,SIAVL
DVA,URYDR
DVA,VA6
DVA,VB1
DVA,VB5
DVA,VB9
DVA,VC3
DVB,PDER
DVB,PVCL
DVB,RIFR
DVB,RIPL
DVB,RMDL
DVB,SAAVR
DVB,URYVR
DVB,VA9
DVC,M4
DVC,MCL
DVC,MI
DVC,OLLL
DVC,OLQDR
DVC,OLQVR
DVC,PVCL
DVC,PVNR
DVC,RICR
DVC,RIFL
DVC,RIFR
DVC,RIPL
DVC,RMDDL
DVC,RMDVR
DVC,SAADR
DVC,SMDDL
DVC,URYDL
DVC,VB3
FLPL,NSMR
FLPL,RIAL
FLPL,RMDDL
FLPL,RMEV
FLPL,SDQL
FLPL,VC2
FLPL,VC4
FLPL,VD5
FLPR,I2R
FLPR,M4
FLPR,OLQVL
FLPR,RIFR
FLPR,RIH
FLPR,VA4
HSNL,MI
HSNL,PVCR
HSNL,PVNR
HSNL,PVQR
HSNL,RIAL
HSNL,RIML
HSNL,RIMR
HSNL,RMED
HSNL,RMGR
HSNL,SAADR
HSNL,VA12
HSNL,VA8
HSNL,VB1
HSNL,VD6
HSNR,I1L
HSNR,I1R
HSNR,IL2DR
HSNR,IL2VL
HSNR,LUAR
HSNR,MI
HSNR,NSML
HSNR,PVCL
HSNR,PVPL
HSNR,PVR
HSNR,PVWL
HSNR,RIAR
HSNR,RID
HSNR,RIGL
HSNR,RMDDL
HSNR,RMDR
HSNR,RMDVL
HSNR,RMGL
HSNR,VD3
I1L,LUAR
I1L,PHAR
I1L,PHCR
I1L,PVCL
I1L,PVCR
I1L,PVDR
I1L,PVR
I1L,RIAL
I1L,RIR
I1L,RMDL
I1L,RMGR
I1L,VD12
I1L,VD13
I1R,I5
I1R,PVM
I1R,PVR
I1R,RIPR
I1R,RMDDL
I1R,RMDVL
I1R,URADR
I1R,URYDR
I1R,VA12
I1R,VB8
I2L,PVR
I2L,PVT
I2L,RIVL
I2L,RMER
I2L,URYVL
I2R,MCL
I2R,PDER
I2R,RMDVL
I2R,SMBDR
I3,OLLL
I3,PLMR
I3,PVCL
I3,RIAL
I3,SABD
I3,SMDVR
I3,URYVR
I3,VD4
I4,RIGL
I4,RMHL
I4,URXL
I4,VA6
I5,M3R
I5,PVNR
I5,PVPR
I5,RICR
I5,RIFR
I6,IL2VL
I6,PVCR
I6,PVNL
I6,PVT
I6,RMEL
I6,SABVL
I6,VA1
I6,VB2
IL1DL,PVPR
IL1DL,PVT
IL1DL,RIBL
IL1DL,RICR
IL1DL,SMDDR
IL1DL,SMDVR
IL1DL,URBL
IL1DL,URXR
IL1DL,VB8
IL1DR,M3L
IL1DR,PVNR
IL1DR,RIFR
IL1DR,SMDDR
IL1L,PVCL
IL1L,RIBL
IL1L,RIFL
IL1L,RIVL
IL1R,M3R
IL1R,OLQVR
IL1R,PVR
IL1R,RIFL
IL1R,RIS
IL1R,RMDVL
IL1R,URBR
IL1R,VB1
IL1R,VD13
IL1VL,VC3
IL1VL,VD5
IL1VR,IL2L
IL1VR,PHBL
IL1VR,RIBL
IL1VR,RICL
IL1VR,RIR
IL1VR,RMFR
IL1VR,SAAVL
IL1VR,URXR
IL1VR,URYDR
IL2DL,PVNR
IL2DL,URBL
IL2DR,RIBR
IL2DR,RMDVL
IL2DR,RMGR
IL2DR,SMBDR
IL2DR,VB6
IL2L,PHCR
IL2L,PVCL
IL2L,RIBR
IL2L,RMER
IL2L,URAVR
IL2L,VD11
IL2R,M4
IL2R,MCL
IL2R,PVCR
IL2R,RIH
IL2R,RIR
IL2R,RMFL
IL2R,SAADR
IL2R,SMBVR
IL2R,VD1
IL2R,VD6
IL2VL,PLMR
IL2VL,PVCR
IL2VL,PVDL
IL2VL,RIMR
IL2VL,RMEV
IL2VL,URYVL
IL2VR,MCL
IL2VR,PVNL
IL2VR,PVQR
IL2VR,PVT
IL2VR,RIMR
IL2VR,RIR
LUAL,LUAR
LUAL,PVPL
LUAL,RIPR
LUAL,SAAVL
LUAL,VB11
LUAR,OLLL
LUAR,RIAR
LUAR,SDQL
LUAR,SIAVR
LUAR,VA4
M1,PHBR
M1,PVWL
M1,RIBL
M1,RIGL
M1,RIMR
M1,RIR
M1,VD11
M2L,M4
M2L,PVCR
M2L,PVWL
M2L,RIMR
M2L,SMDVL
M2R,M4
M2R,PHBR
M2R,RIBR
M2R,RICL
M2R,URXL
M2R,URYVR
M2R,VC3
M3L,PHCL
M3L,PVPR
M3L,PVR
M3L,RIMR
M3L,RMDL
M3L,VB8
M3R,PVQR
M3R,RICR
M3R,SAAVL
M3R,SDQR
M3R,URADL
M3R,URBL
M3R,VA6
M4,PVQR
M4,RIH
M4,RMDDR
M4,SIBVL
M4,SIBVR
M5,PVCR
M5,RIBL
M5,RID
M5,RMDR
M5,VA5
MCL,VA1
MCL,VA10
MCR,PVCR
MCR,PVNR
MCR,PVPL
MCR,RIML
MCR,SAADL
MCR,SMBDR
MCR,SMDVL
MCR,URXR
MI,PVPR
MI,RIH
MI,URXL
MI,VA11
NSML,PVT
NSML,RMDDR
NSML,RMDVR
NSML,SABVL
NSML,SMDVR
NSMR,PLMR
NSMR,PVCR
NSMR,PVPL
NSMR,RIVR
NSMR,VA4
NSMR,VC1
OLLL,OLLR
OLLL,PVQR
OLLL,RIMR
OLLL,RMFR
OLLL,SABVR
OLLL,SIBVL
OLLL,VB2
OLLL,VB9
OLLR,PVCR
OLLR,PVQR
OLLR,RIAL
OLLR,RIBL
OLLR,RIH
OLLR,RIPR
OLLR,RIS
OLLR,SAADR
OLLR,SAAVL
OLLR,VA3
OLLR,VB6
OLQDL,PLNL
OLQDL,RIGL
OLQDL,RIS
OLQDL,RMDR
OLQDL,SDQR
OLQDL,SMDVL
OLQDL,VA9
OLQDL,VB2
OLQDR,PHAL
OLQDR,PHBR
OLQDR,PVT
OLQDR,RIVL
OLQDR,RMEL
OLQDR,SAADR
OLQDR,VD3
OLQVL,RICL
OLQVL,RIS
OLQVL,RMFL
OLQVL,VD7
OLQVR,PVCL
OLQVR,RIBL
OLQVR,SMBDR
OLQVR,SMDDL
OLQVR,VA8
OLQVR,VB6
OLQVR,VD9
PDA,PVCR
PDA,SABD
PDA,SMBVR
PDB,RIH
PDEL,RIBR
PDEL,RMGL
PDEL,SMDDR
PDER,PVPR
PDER,PVR
PDER,RIAL
PHAL,PVT
PHAL,RIBR
PHAL,RMDR
PHAL,SAADL
PHAL,SDQL
PHAL,VD2
PHAR,PVQL
PHAR,RIBL
PHAR,RIH
PHAR,RIS
PHAR,VB1
PHAR,VB2
PHBL,PVDL
PHBL,RMDDR
PHBL,SIBDR
PHBR,PVCR
PHBR,RMDL
PHBR,RMHR
PHCL,PVCL
PHCL,PVPR
PHCL,SDQR
PHCL,URYDL
PHCL,VD2
PHCL,VD6
PHCR,RIMR
PHCR,VB9
PHCR,VD2
PLML,RIGL
PLML,RIH
PLMR,RIBL
PLMR,RIBR
PLMR,RIFR
PLMR,RIMR
PLMR,RIVL
PLMR,RMDVR
PLNR,PVDR
PLNR,RMHR
PQR,URBR
PQR,VA1
PQR,VD1
PVCL,PVCR
PVCL,PVM
PVCL,PVNL
PVCL,PVPL
PVCL,PVQL
PVCL,RIAR
PVCL,RIH
PVCL,RIPR
PVCL,RIR
PVCL,RMEV
PVCL,SABVR
PVCL,SIBVR
PVCL,SMBDL
PVCL,SMBDR
PVCL,SMDVR
PVCL,URXR
PVCL,VA11
PVCL,VD5
PVCR,PVDL
PVCR,PVDR
PVCR,PVNR
PVCR,PVT
PVCR,RIAL
PVCR,RIAR
PVCR,RICR
PVCR,RIGL
PVCR,RIVR
PVCR,RMDDR
PVCR,RMFR
PVCR,RMGR
PVCR,RMHL
PVCR,SABVL
PVCR,SIBVR
PVCR,URYVL
PVCR,VA12
PVCR,VB1
PVCR,VB6
PVCR,VC2
PVCR,VD4
PVCR,VD5
PVDL,RMFL
PVDR,RIVR
PVM,RIAL
PVM,VB6
PVNL,PVNR
PVNL,PVR
PVNL,RIGR
PVNL,RMDVR
PVNL,RMHR
PVNL,SABD
PVNL,SMBVR
PVNL,URXR
PVNL,VB1
PVNL,VC3
PVNR,PVPL
PVNR,PVQL
PVNR,RIAL
PVNR,RIBL
PVNR,RIS
PVNR,URADL
PVNR,URXR
PVNR,URYDL
PVNR,VB8
PVNR,VD2
PVNR,VD6
PVPL,RIMR
PVPL,RIVR
PVPL,RMDL
PVPL,RMHR
PVPL,SIBVR
PVPL,SMDVL
PVPL,URXR
PVPL,VA12
PVPL,VA2
PVPL,VC2
PVPR,PVWR
PVPR,RIAL
PVPR,RIPR
PVPR,RIS
PVPR,SIADR
PVPR,SMBDL
PVPR,URYDR
PVQL,RIGL
PVQL,RMDR
PVQL,RMGL
PVQL,URXR
PVQR,RIAR
PVQR,RIBL
PVQR,RID
PVQR,RMDR
PVQR,SMBVR
PVQR,VB11
PVQR,VC5
PVR,RIAL
PVR,RIBL
PVR,RIR
PVR,RMFL
PVR,SAADL
PVR,SDQR
PVR,VA7
PVR,VC3
PVR,VC5
PVT,RIBL
PVT,RIVR
PVT,URXR
PVT,URYVR
PVT,VB1
PVT,VB10
PVWL,RIPR
PVWL,VD4
PVWR,VB4
RIAL,RIBL
RIAL,RMED
RIAL,SAAVR
RIAL,SIAVR
RIAL,SMDDR
RIAL,URBR
RIAL,VA5
RIAL,VC3
RIAL,VD1
RIAL,VD3
RIAR,RIH
RIAR,RIML
RIAR,RIMR
RIAR,RIPR
RIAR,RIVR
RIAR,RMDVL
RIAR,RMED
RIAR,RMER
RIAR,RMGL
RIAR,RMHL
RIAR,RMHR
RIAR,SMDDL
RIAR,SMDVR
RIAR,URXL
RIAR,URYVR
RIAR,VA8
RIBL,RIBR
RIBL,RIPR
RIBL,RMDVR
RIBL,RMFL
RIBL,SIAVL
RIBL,SMBDR
RIBL,VC2
RIBL,VD13
RIBL,VD2
RIBR,RICL
RIBR,RICR
RIBR,RIGR
RIBR,RIML
RIBR,RIPL
RIBR,RIR
RIBR,RMDDL
RIBR,RMDDR
RIBR,RMGL
RIBR,SDQR
RIBR,SMBVR
RIBR,SMDVR
RIBR,URYVL
RIBR,VA3
RIBR,VA9
RIBR,VB1
RICL,RIGL
RICL,RIML
RICL,RIPR
RICL,RIVL
RICL,RMED
RICL,SMBDR
RICL,VA2
RICL,VD5
RICL,VD8
RICR,RIFL
RICR,RIGL
RICR,RIML
RICR,RIVR
RICR,RMFL
RICR,SMDVL
RICR,SMDVR
RICR,URADR
RICR,VA6
RICR,VB2
RICR,VB4
RICR,VC3
RID,RIGL
RID,RMDDL
RID,RMHL
RID,SAADL
RID,URYVL
RID,VA11
RID,VA5
RID,VA7
RIFL,RIGL
RIFL,RMEL
RIFL,RMEV
RIFL,RMFL
RIFL,SABD
RIFL,URXL
RIFL,VC2
RIFL,VC4
RIFR,RIMR
RIFR,RMDR
RIFR,URAVL
RIFR,URBL
RIFR,VD3
RIFR,VD7
RIGL,RIPL
RIGL,SIADR
RIGL,SMBDL
RIGL,SMDVL
RIGL,URAVL
RIGL,URXL
RIGL,VA12
RIGL,VD1
RIGR,RMDDL
RIGR,RMDR
RIGR,RMDVL
RIGR,RMDVR
RIGR,RMEV
RIGR,RMFR
RIGR,URAVL
RIGR,URYVL
RIGR,VA7
RIGR,VA8
RIGR,VD9
RIH,RIS
RIH,RMDVR
RIH,SABD
RIH,SDQR
RIH,SMBVR
RIH,SMDDL
RIH,SMDVR
RIH,VA7
RIH,VC1
RIH,VD3
RIML,RIS
RIML,RMER
RIML,RMGL
RIML,RMGR
RIML,SAADR
RIML,SIADL
RIML,SIBVL
RIML,VB9
RIML,VD2
RIMR,RIR
RIMR,RMDDR
RIMR,RMGL
RIMR,VC1
RIMR,VD2
RIPL,SMBDR
RIPL,SMDDL
RIPL,SMDVL
RIPL,URYVL
RIPL,VA1
RIPL,VA3
RIPL,VD13
RIPL,VD9
RIPR,RMHR
RIPR,VB8
RIPR,VD5
RIR,RIS
RIR,RMDR
RIR,RMGL
RIR,SDQR
RIR,SMDDR
RIR,VC3
RIS,SMBVL
RIS,SMDVR
RIS,VA2
RIS,VC1
RIS,VC2
RIS,VC5
RIVL,SABD
RIVR,RMDL
RIVR,RMDVL
RIVR,SMDDR
RMDDL,RMFL
RMDDL,RMGL
RMDDL,SMBVL
RMDDL,URYDL
RMDDL,VA2
RMDDL,VA3
RMDDL,VD12
RMDDR,RMEV
RMDDR,RMHR
RMDDR,URBR
RMDDR,VD2
RMDDR,VD3
RMDL,RMER
RMDL,SAADR
RMDL,VA8
RMDL,VB11
RMDL,VB4
RMDL,VB8
RMDL,VC1
RMDR,RMGL
RMDR,VB5
RMDR,VC2
RMDVL,RMGR
RMDVL,SMBDR
RMDVL,VC3
RMDVL,VD10
RMDVR,SAAVR
RMDVR,SMDDL
RMDVR,VB11
RMED,URXR
RMED,VC4
RMEL,VD4
RMER,URYVR
RMEV,SIAVR
RMEV,VB10
RMFL,SMBDL
RMFL,VC4
RMFR,VA12
RMFR,VA4
RMFR,VB10
RMFR,VB3
RMGL,URXR
RMGL,URYVR
RMGL,VC5
RMGL,VD2
RMGL,VD5
RMGR,URBR
RMGR,URXL
RMGR,URYDR
RMGR,VA11
RMGR,VB2
RMHL,SMBDL
RMHL,VA3
RMHL,VA9
SAADL,VD3
SAADR,SAAVL
SAADR,VA12
SAADR,VD13
SAAVL,SDQL
SAAVL,SMBVL
SAAVR,SABD
SABD,SMBDR
SABD,VA8
SABVL,VA9
SABVL,VD12
SABVL,VD3
SABVR,URAVR
SDQL,VB5
SDQL,VC3
SDQR,SMBDL
SDQR,URADL
SDQR,VC3
SDQR,VC5
SIADL,VA9
SIADR,VA12
SIAVL,VB10
SIAVL,VD9
SIBVL,URBR
SIBVL,VA5
SMBDL,URYDR
SMBDL,VA4
SMBDL,VC2
SMBDL,VD4
SMBDR,URBR
SMBDR,VA9
SMBVL,VC1
SMBVL,VD2
SMBVR,VD6
SMDDL,URAVL
SMDDL,VD6
SMDDL,VD7
SMDDR,URBL
SMDDR,VA6
SMDDR,VD8
SMDVL,VA2
SMDVL,VB2
SMDVR,VB4
URADR,VA7
URADR,VB1
URAVR,VB4
URBL,VA5
URBR,VA12
URXL,VA12
URXR,VB1
URXR,VD6
URYDL,VB11
URYDR,VB4
URYVL,VD5
URYVR,VA12
VA1,VC5
VA1,VD5
VA10,VA2
VA11,VD1
VA11,VD4
VA12,VA3
VA12,VC1
VA12,VD3
VA2,VA3
VA2,VD13
VA3,VC3
VA5,VA8
VA6,VD5
VA7,VD11
VA9,VB8
VB1,VD5
VB1,VD6
VB2,VB5
VB2,VD10
VB2,VD11
VB3,VB9
VB3,VC2
VB4,VD2
VB4,VD6
VC1,VD2
VC2,VD2
VC3,VD1
VC3,VD5
VD2,VD3
VD2,VD7
VD4,VD6
